-2.60849e-10
-1.32133e-09
-3.7508e-09
-8.13076e-09
-1.50171e-08
-2.49524e-08
-3.84962e-08
-5.61827e-08
-7.86414e-08
-1.06361e-07
-1.39874e-07
-1.79797e-07
-2.26473e-07
-2.80712e-07
-3.428e-07
-4.13241e-07
-4.92814e-07
-5.81421e-07
-6.8029e-07
-7.89329e-07
-9.09002e-07
-1.04042e-06
-1.18271e-06
-1.33783e-06
-1.50508e-06
-1.68487e-06
-1.87888e-06
-2.08503e-06
-2.30645e-06
-2.54152e-06
-2.79059e-06
-3.0562e-06
-3.33453e-06
-3.63039e-06
-3.94089e-06
-4.26633e-06
-4.61041e-06
-4.96707e-06
-5.34332e-06
-5.73467e-06
-6.14137e-06
-6.56861e-06
-7.00749e-06
-7.46782e-06
-7.94307e-06
-8.43346e-06
-8.94605e-06
-9.46842e-06
-1.00139e-05
-1.05734e-05
-1.11473e-05
-1.17448e-05
-1.23493e-05
-1.29783e-05
-1.36199e-05
-1.42744e-05
-1.49535e-05
-1.56361e-05
-1.63442e-05
-1.70628e-05
-1.7792e-05
-1.85467e-05
-1.93004e-05
-2.00802e-05
-2.08677e-05
-2.16629e-05
-2.24841e-05
-2.32988e-05
-2.414e-05
-2.49853e-05
-2.58347e-05
-2.67101e-05
-2.75725e-05
-2.84613e-05
-2.93499e-05
-3.02381e-05
-3.11517e-05
-3.20451e-05
-3.29642e-05
-3.38779e-05
-3.47861e-05
-3.57186e-05
-3.66228e-05
-3.75514e-05
-3.84689e-05
-3.93753e-05
-4.03044e-05
-4.11967e-05
-4.21119e-05
-4.30099e-05
-4.38909e-05
-4.47928e-05
-4.56492e-05
-4.65265e-05
-4.73805e-05
-4.82114e-05
-4.90609e-05
-4.98562e-05
-5.06701e-05
-5.14543e-05
-5.22089e-05
-5.29795e-05
-5.3687e-05
-5.44102e-05
-5.50971e-05
-5.57479e-05
-5.64114e-05
-5.70032e-05
-5.76073e-05
-5.81684e-05
-5.86868e-05
-5.92141e-05
-5.96615e-05
-6.01173e-05
-6.05233e-05
-6.08798e-05
-6.12401e-05
-6.15111e-05
-6.17836e-05
-6.19973e-05
-6.21519e-05
-6.23023e-05
-6.23537e-05
-6.23993e-05
-6.23784e-05
-6.22916e-05
-6.21946e-05
-6.19925e-05
-6.17788e-05
-6.1493e-05
-6.11357e-05
-6.07619e-05
-6.02784e-05
-5.97768e-05
-5.91981e-05
-5.8543e-05
-5.78645e-05
-5.70734e-05
-5.6257e-05
-5.53594e-05
-5.43813e-05
-5.33724e-05
-5.22498e-05
-5.10939e-05
-4.98538e-05
-4.85299e-05
-4.71673e-05
-4.56917e-05
-4.41743e-05
-4.25707e-05
-4.0881e-05
-3.91439e-05
-3.72968e-05
-3.53988e-05
-3.34135e-05
-3.13411e-05
-2.92121e-05
-2.69781e-05
-2.46833e-05
-2.23017e-05
-1.98328e-05
-1.72974e-05
-1.46646e-05
-1.19604e-05
-9.17097e-06
-6.29547e-06
-3.34285e-06
-3.02837e-07
2.81973e-06
6.02468e-06
9.31329e-06
1.26902e-05
1.6142e-05
1.96882e-05
2.33126e-05
2.70169e-05
3.08213e-05
3.46853e-05
3.86566e-05
4.27001e-05
4.68185e-05
5.10494e-05
5.5322e-05
5.97151e-05
6.41732e-05
6.86996e-05
7.33513e-05
7.8024e-05
8.28307e-05
8.76933e-05
9.2616e-05
9.76769e-05
0.000102735
0.000107941
0.000113192
0.000118493
0.000123946
0.000129369
0.000134954
0.000140571
0.000146228
0.000152049
0.000157811
0.00016375
0.000169708
0.000175691
0.000181853
0.000187926
0.000194189
0.000200456
0.000206734
0.000213206
0.000219554
0.000226108
0.000232649
0.000239188
0.000245933
0.00025252
0.000259329
0.000266106
0.000272866
0.000279847
0.000286631
0.000293655
0.000300628
0.000307567
0.000314743
0.000321683
0.000328879
0.000336005
0.00034308
0.000350406
0.000357457
0.000364781
0.000372015
0.00037918
0.000386612
0.000393729
0.000401134
0.00040843
0.000415638
0.000423129
0.000430264
0.000437704
0.000445014
0.000452219
0.000459722
0.000466826
0.000474254
-0.000344469
-0.000360409
-0.000482581
-0.000542865
-0.000472307
-0.000373297
-0.000373465
-0.00045368
-0.000487888
-0.000432186
-0.000365973
-0.000364515
-0.000411555
-0.000427742
-0.000387162
-0.000338092
-0.000333531
-0.000372574
-0.000385141
-0.000350268
-0.000307081
-0.000301129
-0.000326434
-0.000338584
-0.000314
-0.00028326
-0.000278242
-0.000287946
-0.000297367
-0.000279808
-0.000252656
-0.000243459
-0.000247056
-0.000251967
-0.000243444
-0.000235112
-0.000225314
-0.000233005
-0.000231496
-0.000226688
-0.000214227
-0.000206649
-0.000204965
-0.00019997
-0.000186882
-0.000179715
-0.000187858
-0.000192208
-0.000193813
-0.000186759
-0.000172694
-0.00017181
-0.000172302
-0.000172545
-0.000163504
-0.000159479
-0.000155203
-0.000154584
-0.000155608
-0.00015585
-0.000148054
-0.000140371
-0.000132599
-0.000133278
-0.000129241
-0.000132684
-0.000124349
-0.000117455
-0.000102317
-8.39076e-05
-7.16733e-05
-5.56568e-05
-3.67641e-05
-2.85997e-05
-3.39332e-05
-3.10008e-05
-1.46289e-05
6.33834e-06
2.85514e-05
4.43927e-05
5.15834e-05
4.45574e-05
2.61041e-05
2.1508e-05
1.48552e-05
5.11791e-06
-9.16223e-06
-1.81669e-05
-2.87688e-05
-4.37812e-05
-5.13844e-05
-6.12328e-05
-7.51129e-05
-8.31233e-05
-8.2389e-05
-7.55775e-05
-6.97011e-05
-7.13719e-05
-7.1498e-05
-7.09439e-05
-7.01816e-05
-6.84963e-05
-7.10574e-05
-7.39818e-05
-6.98009e-05
-7.25362e-05
-6.99374e-05
-5.1083e-05
-4.30334e-05
-8.00287e-05
-0.000108716
-0.00013144
-0.000130907
-1.79657e-05
0.000238449
0.000608061
0.000825525
0.00103184
0.00119444
0.00111243
0.000841115
0.000588549
0.00034455
8.57817e-05
-5.9967e-05
-6.6445e-05
-2.50441e-05
8.97879e-06
2.18366e-05
7.23974e-06
1.49631e-06
1.1183e-06
1.81097e-06
1.39984e-08
3.56153e-06
4.45285e-06
5.23763e-06
6.46683e-06
1.91356e-06
3.24615e-06
7.25473e-06
1.10077e-05
8.82706e-06
1.23754e-05
1.51992e-05
1.72075e-05
2.12108e-05
2.37394e-05
2.61937e-05
2.72166e-05
2.43049e-05
3.30851e-05
3.6106e-05
4.17597e-05
4.63212e-05
5.25774e-05
5.76891e-05
6.22217e-05
7.20364e-05
7.02798e-05
7.84476e-05
8.10701e-05
8.19994e-05
8.96785e-05
9.69033e-05
0.000104242
0.000107319
0.000116866
0.00012967
0.000133291
0.000138497
0.000143806
0.000147768
0.000153244
0.000158056
0.000165183
0.000170468
0.000172013
0.000173105
0.000177609
0.000184105
0.000184766
0.000176848
0.000156248
0.000147534
0.00012827
0.00010455
8.44217e-05
6.47432e-05
3.8832e-05
1.81107e-05
1.31196e-06
-1.42309e-05
-2.83868e-05
-3.79909e-05
-4.56243e-05
-5.13299e-05
-5.71499e-05
-6.44468e-05
-6.69236e-05
-7.1611e-05
-7.70251e-05
-8.19198e-05
-7.68432e-05
-7.16226e-05
-7.41633e-05
-7.58965e-05
-7.53638e-05
-7.65638e-05
-8.04305e-05
-7.90699e-05
-7.44289e-05
-6.96813e-05
-7.05124e-05
-7.47282e-05
-7.4924e-05
-7.25747e-05
-6.88187e-05
-7.09854e-05
-7.38642e-05
-6.66349e-05
-6.65466e-05
-6.96585e-05
-6.54674e-05
-6.5047e-05
-6.43173e-05
-6.51736e-05
-6.15505e-05
-6.76531e-05
-6.73863e-05
-6.9251e-05
-6.91482e-05
-6.62538e-05
-6.7474e-05
-7.44572e-05
-7.50343e-05
-8.2733e-05
-9.13591e-05
-8.2743e-05
-8.28758e-05
-8.27531e-05
-8.42933e-05
-8.73711e-05
-8.99104e-05
-8.77721e-05
-8.78734e-05
-8.59056e-05
-8.38146e-05
-9.17163e-05
-9.37132e-05
-9.2991e-05
-9.576e-05
-9.4677e-05
-9.5055e-05
-9.78781e-05
-0.000103714
-9.8104e-05
-7.94768e-05
-6.70531e-05
-4.6801e-05
-2.59174e-05
-1.31737e-05
-2.38466e-05
-2.94855e-05
-1.60721e-05
3.2551e-06
2.57021e-05
4.70074e-05
4.85327e-05
4.28197e-05
2.76298e-05
3.13668e-06
-1.03455e-05
-2.17514e-05
-3.76677e-05
-4.59764e-05
-6.2192e-05
-7.60714e-05
-9.32848e-05
-0.000100337
-0.000107058
-0.000120533
-0.000121353
-0.000116734
-0.000124745
-0.000129349
-0.000130713
-0.000131121
-0.000133201
-0.000131038
-0.000132042
-0.000133923
-0.000131671
-0.000133137
-0.000136229
-0.000132417
-0.000120196
-0.000118167
-0.000149916
-0.000177168
-0.00020013
-0.00018525
-6.95501e-05
0.000206203
0.00057768
0.00081982
0.00107428
0.00127124
0.00113862
0.000844107
0.000560862
0.000248027
3.35251e-06
-0.00010597
-9.22346e-05
-4.41088e-05
-1.88315e-05
-3.32796e-05
-5.23158e-05
-6.40154e-05
-5.86853e-05
-5.81812e-05
-6.28147e-05
-6.45901e-05
-6.54138e-05
-5.76264e-05
-5.59559e-05
-5.19522e-05
-5.55541e-05
-4.9285e-05
-4.19139e-05
-3.89378e-05
-3.60656e-05
-3.73184e-05
-3.78447e-05
-3.01168e-05
-2.60025e-05
-2.15524e-05
-1.93399e-05
-1.97108e-05
-1.47974e-05
-1.20039e-05
-2.07607e-06
5.4614e-06
9.85151e-06
1.65708e-05
1.98485e-05
2.77614e-05
3.45412e-05
4.21089e-05
4.93362e-05
5.058e-05
5.89399e-05
6.55596e-05
7.11592e-05
8.4131e-05
9.0937e-05
9.99748e-05
0.000102857
0.000116083
0.000122721
0.000129918
0.00013598
0.000144492
0.000145966
0.000145263
0.000151306
0.000154922
0.000156028
0.000157087
0.000160994
0.000150406
0.000135873
0.000116408
9.53347e-05
7.38438e-05
4.84934e-05
3.0452e-05
1.34042e-05
-8.19787e-06
-2.37854e-05
-3.60186e-05
-4.88121e-05
-6.05719e-05
-7.07284e-05
-7.56628e-05
-8.09097e-05
-8.52536e-05
-8.80244e-05
-8.99997e-05
-8.95964e-05
-9.22035e-05
-9.23817e-05
-9.37586e-05
-9.87489e-05
-9.71963e-05
-9.15692e-05
-9.27516e-05
-8.68816e-05
-8.13267e-05
-7.81072e-05
-7.97641e-05
-7.72336e-05
-7.81729e-05
-7.70407e-05
-7.62996e-05
-7.3793e-05
-6.66757e-05
-6.74003e-05
-6.36468e-05
-5.93237e-05
-6.37583e-05
-6.54327e-05
-6.7205e-05
-6.18693e-05
-5.84415e-05
-6.12312e-05
-5.94122e-05
-6.02161e-05
-6.36653e-05
-6.04601e-05
-6.48545e-05
-6.51926e-05
-6.47988e-05
-6.5677e-05
-6.29113e-05
-6.25501e-05
-6.25384e-05
-6.46023e-05
-6.92989e-05
-7.03643e-05
-7.24393e-05
-6.83365e-05
-7.05345e-05
-6.64558e-05
-6.70858e-05
-6.95917e-05
-6.95155e-05
-6.91812e-05
-7.46528e-05
-7.4488e-05
-7.4487e-05
-7.55907e-05
-7.48599e-05
-7.63169e-05
-7.82169e-05
-7.9191e-05
-8.17384e-05
-8.1521e-05
-8.02541e-05
-8.32301e-05
-8.12902e-05
-6.37685e-05
-5.43209e-05
-4.09878e-05
-2.29973e-05
-7.72936e-06
1.78793e-06
-3.21362e-06
-1.42516e-05
-7.21834e-06
-3.34758e-07
1.08044e-05
2.38183e-05
3.65964e-05
3.52003e-05
1.07929e-05
-2.70016e-06
-1.01284e-05
-2.35489e-05
-2.89207e-05
-4.69968e-05
-4.99549e-05
-6.1008e-05
-7.90611e-05
-9.61327e-05
-0.000101027
-0.000109114
-0.000120822
-0.000122756
-0.000119026
-0.000122108
-0.000125654
-0.000127865
-0.000127757
-0.000126875
-0.000127385
-0.000128611
-0.000128083
-0.000122435
-0.000120284
-0.000116459
-0.000107105
-0.000119625
-0.000162888
-0.000185831
-0.000202155
-0.000167261
-9.90423e-06
0.000308065
0.000651484
0.000879199
0.00114844
0.00125766
0.00103773
0.000767291
0.000469834
0.000162185
-2.79446e-05
-8.96346e-05
-6.23339e-05
-1.96371e-05
-1.08752e-05
-3.41605e-05
-5.82637e-05
-6.10942e-05
-5.90454e-05
-5.72109e-05
-5.90416e-05
-6.49017e-05
-6.46568e-05
-5.7763e-05
-5.48398e-05
-5.54673e-05
-5.77718e-05
-4.84021e-05
-4.76975e-05
-4.30044e-05
-4.25438e-05
-4.08608e-05
-4.0896e-05
-3.92137e-05
-3.54453e-05
-3.51064e-05
-3.16834e-05
-2.51912e-05
-1.78787e-05
-1.35555e-05
-1.30249e-05
-3.56413e-06
-9.26583e-07
5.12309e-06
1.33859e-05
1.52529e-05
1.9976e-05
2.92506e-05
3.48451e-05
4.23751e-05
4.99134e-05
5.58875e-05
6.20725e-05
7.20157e-05
8.58447e-05
9.4302e-05
9.95296e-05
0.000105572
0.000109328
0.000122098
0.000130091
0.000129323
0.000142873
0.000144162
0.000147647
0.000152469
0.000155472
0.000160013
0.00015397
0.000146229
0.00013393
0.000119015
9.8005e-05
7.42059e-05
5.39372e-05
3.13801e-05
1.06562e-05
-7.31629e-06
-1.69601e-05
-3.54979e-05
-4.59677e-05
-5.50152e-05
-6.49218e-05
-6.89114e-05
-6.95402e-05
-7.34671e-05
-7.5132e-05
-7.50628e-05
-8.31613e-05
-8.20476e-05
-8.25976e-05
-8.52476e-05
-8.22795e-05
-8.13466e-05
-7.95096e-05
-7.01055e-05
-6.85264e-05
-6.32609e-05
-5.89309e-05
-5.72745e-05
-5.65778e-05
-5.46927e-05
-4.97995e-05
-4.95898e-05
-4.71029e-05
-4.69445e-05
-4.34361e-05
-4.15814e-05
-4.30831e-05
-4.00967e-05
-3.74776e-05
-3.69633e-05
-3.44358e-05
-2.84298e-05
-3.33188e-05
-3.63703e-05
-3.97997e-05
-3.77926e-05
-4.34616e-05
-4.18294e-05
-4.18087e-05
-4.34443e-05
-4.31325e-05
-4.29547e-05
-4.71088e-05
-4.66434e-05
-4.68322e-05
-4.64425e-05
-5.20623e-05
-5.38399e-05
-5.14985e-05
-5.64495e-05
-5.53294e-05
-5.61245e-05
-5.64555e-05
-5.93291e-05
-5.72383e-05
-5.82498e-05
-6.2004e-05
-5.96247e-05
-6.21915e-05
-6.47268e-05
-6.21387e-05
-5.94704e-05
-6.07827e-05
-5.84461e-05
-6.45515e-05
-6.62343e-05
-6.98594e-05
-6.34135e-05
-6.18537e-05
-6.59442e-05
-6.30809e-05
-6.4119e-05
-6.66594e-05
-6.96931e-05
-6.95543e-05
-6.75456e-05
-7.19475e-05
-7.29209e-05
-7.66901e-05
-7.46096e-05
-6.89529e-05
-6.70252e-05
-6.61134e-05
-6.77002e-05
-6.39401e-05
-5.83313e-05
-5.1005e-05
-4.19222e-05
-3.05385e-05
-1.47599e-05
-4.24375e-06
-3.8118e-06
-1.16341e-05
-1.25338e-05
-2.97203e-06
1.13471e-05
1.7892e-05
3.83927e-05
3.25916e-05
6.55405e-06
-3.24573e-06
-8.61854e-06
-2.26405e-05
-3.09747e-05
-4.00312e-05
-4.47918e-05
-6.18884e-05
-8.02325e-05
-8.97821e-05
-9.8629e-05
-0.000110826
-0.000121996
-0.000117393
-0.000113933
-0.000117198
-0.000120573
-0.000128974
-0.000123445
-0.000130364
-0.000129549
-0.00012772
-0.000127763
-0.000125478
-0.000125475
-0.000125479
-0.000112564
-0.000127691
-0.000167116
-0.00018943
-0.000203652
-0.000168096
-1.34397e-05
0.000309178
0.000653185
0.000873826
0.00113943
0.00125428
0.00104725
0.000778259
0.000483465
0.000178401
-2.68107e-05
-9.36636e-05
-6.95566e-05
-1.78557e-05
-8.32131e-06
-2.93495e-05
-5.22203e-05
-6.25689e-05
-5.94847e-05
-5.35407e-05
-5.53464e-05
-6.06063e-05
-6.32333e-05
-6.14751e-05
-5.84771e-05
-5.67e-05
-5.74842e-05
-5.043e-05
-4.75524e-05
-4.42602e-05
-4.09767e-05
-3.89794e-05
-3.85989e-05
-3.35196e-05
-3.00786e-05
-2.57948e-05
-1.87968e-05
-1.87448e-05
-1.67862e-05
-8.12496e-06
1.42084e-06
4.21033e-06
1.06973e-05
1.36201e-05
2.21546e-05
3.14641e-05
3.47711e-05
4.18788e-05
4.9526e-05
6.18329e-05
6.17008e-05
6.97844e-05
8.0467e-05
8.71379e-05
9.47602e-05
0.000103057
0.000111643
0.000117792
0.00012624
0.000134735
0.000135681
0.000142086
0.000146544
0.000150448
0.000156722
0.000161219
0.000162463
0.000168659
0.000167853
0.000161842
0.000152735
0.000139572
0.000122295
0.000100037
7.88437e-05
5.97162e-05
3.99096e-05
2.10843e-05
4.64183e-06
-9.28818e-06
-2.01336e-05
-3.28162e-05
-3.76764e-05
-4.32995e-05
-4.80109e-05
-5.39133e-05
-5.56795e-05
-5.79e-05
-5.71361e-05
-5.50863e-05
-5.88407e-05
-5.91497e-05
-4.82141e-05
-5.44893e-05
-5.20548e-05
-4.91233e-05
-4.62384e-05
-4.87285e-05
-4.82974e-05
-4.46985e-05
-4.54685e-05
-3.9293e-05
-4.2158e-05
-4.08612e-05
-3.86005e-05
-4.1218e-05
-4.25183e-05
-4.68181e-05
-5.05631e-05
-5.25953e-05
-4.90184e-05
-4.42003e-05
-4.8293e-05
-4.40316e-05
-4.41187e-05
-5.08748e-05
-5.06891e-05
-5.35996e-05
-5.86169e-05
-5.54425e-05
-6.1494e-05
-5.7159e-05
-5.79973e-05
-5.84166e-05
-5.89596e-05
-6.01783e-05
-6.30977e-05
-6.19618e-05
-6.12978e-05
-6.41633e-05
-6.24086e-05
-6.44106e-05
-6.48252e-05
-6.72705e-05
-6.70032e-05
-6.6281e-05
-6.53972e-05
-6.3539e-05
-6.63649e-05
-6.66008e-05
-6.64594e-05
-6.77254e-05
-7.71904e-05
-7.09442e-05
-6.4942e-05
-7.00098e-05
-6.75168e-05
-7.12595e-05
-7.2428e-05
-7.28549e-05
-7.19665e-05
-6.93564e-05
-6.93387e-05
-6.46329e-05
-6.10102e-05
-6.3026e-05
-6.13849e-05
-6.16915e-05
-5.66476e-05
-5.20473e-05
-5.52349e-05
-5.29341e-05
-5.05949e-05
-5.06755e-05
-5.61807e-05
-5.60116e-05
-5.17524e-05
-5.35412e-05
-5.62816e-05
-5.08495e-05
-4.95224e-05
-5.08808e-05
-4.8669e-05
-5.54491e-05
-5.19065e-05
-5.41267e-05
-4.79197e-05
-5.10668e-05
-5.04908e-05
-5.12001e-05
-5.19193e-05
-5.30989e-05
-4.88051e-05
-4.61351e-05
-4.02858e-05
-3.28726e-05
-2.20307e-05
-1.42611e-05
2.95395e-07
1.36663e-05
1.37912e-05
4.88425e-06
4.93098e-06
1.49651e-05
2.83492e-05
3.9072e-05
5.22356e-05
5.32969e-05
2.64838e-05
1.35915e-05
6.35717e-06
-9.36733e-06
-1.73958e-05
-2.45697e-05
-2.89633e-05
-4.09392e-05
-5.75529e-05
-7.50694e-05
-8.15567e-05
-9.43402e-05
-0.000103912
-0.000104177
-0.000100307
-0.00010146
-0.000106472
-0.00011067
-0.000110062
-0.000107949
-0.000119281
-0.000105251
-0.000110354
-0.000110078
-0.000107786
-0.000109471
-0.000102851
-0.000110032
-0.000141388
-0.000166167
-0.000189757
-0.000167699
-3.30762e-05
0.000264686
0.000623688
0.00084809
0.00111581
0.00127018
0.00110446
0.000826641
0.000550521
0.00024611
1.02638e-05
-8.66523e-05
-7.13649e-05
-2.73152e-05
-8.20754e-06
-2.49694e-05
-4.06562e-05
-4.77927e-05
-4.91268e-05
-4.58959e-05
-5.30982e-05
-5.52501e-05
-6.20133e-05
-5.85087e-05
-5.34786e-05
-5.26377e-05
-4.89454e-05
-5.02654e-05
-4.28881e-05
-4.21538e-05
-4.45251e-05
-4.87158e-05
-4.51697e-05
-3.91808e-05
-3.49261e-05
-3.36667e-05
-3.09947e-05
-2.87741e-05
-2.58727e-05
-1.88984e-05
-7.54805e-06
-3.47996e-06
-5.31519e-07
1.1114e-06
6.87225e-06
1.06689e-05
1.48106e-05
1.66218e-05
2.99877e-05
3.12989e-05
3.49064e-05
4.36731e-05
5.34259e-05
5.52065e-05
6.5626e-05
7.62872e-05
8.18561e-05
8.69682e-05
9.3486e-05
9.72313e-05
0.000100955
0.000106618
0.000112113
0.000113275
0.000119049
0.000124388
0.000128282
0.000131338
0.000134469
0.000140623
0.000135172
0.000123222
0.000113401
9.45732e-05
7.0718e-05
4.56551e-05
3.0805e-05
9.19398e-06
-5.44297e-06
-1.76016e-05
-3.16068e-05
-4.03793e-05
-5.10412e-05
-5.88368e-05
-6.01799e-05
-6.46168e-05
-6.88629e-05
-6.80868e-05
-7.36382e-05
-7.25719e-05
-7.06195e-05
-7.19256e-05
-6.62103e-05
-6.67781e-05
-6.22079e-05
-6.19727e-05
-5.6624e-05
-5.37601e-05
-5.26592e-05
-5.37054e-05
-5.20944e-05
-4.54556e-05
-4.58324e-05
-4.72722e-05
-3.98506e-05
-3.41458e-05
-3.74211e-05
-3.674e-05
-3.60128e-05
-3.95289e-05
-4.05044e-05
-3.95681e-05
-3.21628e-05
-2.99967e-05
-2.71121e-05
-3.32787e-05
-3.27287e-05
-3.21287e-05
-3.49918e-05
-3.19828e-05
-3.24271e-05
-3.40859e-05
-3.98583e-05
-4.33101e-05
-4.23497e-05
-4.45907e-05
-5.08175e-05
-4.97576e-05
-4.9316e-05
-4.86043e-05
-4.36591e-05
-4.16649e-05
-4.60202e-05
-4.51114e-05
-4.46157e-05
-5.19054e-05
-4.83358e-05
-4.54329e-05
-4.58773e-05
-4.57103e-05
-4.30807e-05
-4.59991e-05
-4.71086e-05
-4.35396e-05
-4.88199e-05
-4.58287e-05
-4.86207e-05
-5.20871e-05
-4.88053e-05
-4.66266e-05
-4.94835e-05
-4.30943e-05
-4.76878e-05
-4.84343e-05
-4.82671e-05
-5.2104e-05
-4.68851e-05
-4.95244e-05
-5.07193e-05
-4.57882e-05
-4.73293e-05
-4.94395e-05
-4.05799e-05
-4.33809e-05
-4.30815e-05
-4.69706e-05
-4.75402e-05
-4.64569e-05
-5.06606e-05
-4.67998e-05
-4.96931e-05
-4.61394e-05
-4.91689e-05
-5.43384e-05
-5.37982e-05
-5.50253e-05
-5.40481e-05
-4.92138e-05
-4.16326e-05
-3.16155e-05
-1.99427e-05
-5.98951e-06
4.30076e-06
9.54754e-06
7.60833e-06
-2.4663e-06
-2.38878e-06
9.4517e-06
2.65668e-05
4.09485e-05
5.61039e-05
5.54216e-05
3.09837e-05
1.65039e-05
-8.60205e-07
-1.59857e-05
-2.88939e-05
-3.36873e-05
-3.95125e-05
-5.25019e-05
-7.29949e-05
-8.45274e-05
-9.75504e-05
-0.000111381
-0.00011543
-0.000110016
-0.00010368
-0.000106577
-0.000117019
-0.00011595
-0.000125137
-0.000126322
-0.00012521
-0.000120277
-0.00012113
-0.000113605
-0.000118299
-0.000109095
-0.000100428
-0.000122363
-0.000167003
-0.000188422
-0.00020495
-0.000137788
6.03986e-05
0.000417559
0.000696904
0.000903119
0.00113405
0.00114752
0.00091225
0.000654502
0.000401445
0.000108504
-8.78205e-05
-0.000136552
-0.000103427
-6.86332e-05
-4.69361e-05
-4.52723e-05
-5.59989e-05
-5.72047e-05
-6.0438e-05
-6.23688e-05
-5.9951e-05
-6.10426e-05
-6.14217e-05
-5.8306e-05
-5.43841e-05
-5.11398e-05
-5.56593e-05
-5.62878e-05
-5.9365e-05
-4.93793e-05
-4.902e-05
-4.38954e-05
-3.13386e-05
-3.21881e-05
-3.09971e-05
-2.77635e-05
-2.39895e-05
-2.08242e-05
-1.33035e-05
-5.76198e-06
-3.97515e-06
-4.07328e-07
6.92569e-08
2.2449e-06
7.48334e-06
1.67489e-05
2.42398e-05
3.2851e-05
4.08675e-05
4.67824e-05
5.11221e-05
5.56194e-05
6.52455e-05
6.59037e-05
7.18678e-05
8.94506e-05
9.01154e-05
0.000101048
0.000107978
0.000111953
0.000113443
0.000118233
0.000122677
0.000134537
0.000145396
0.00015164
0.00015404
0.000154765
0.000154547
0.000142888
0.000137419
0.00012621
0.000111198
8.97437e-05
6.97969e-05
4.47447e-05
2.00758e-05
2.29242e-06
-1.69276e-05
-3.40444e-05
-4.40824e-05
-5.67792e-05
-6.31409e-05
-6.43405e-05
-6.91668e-05
-7.08758e-05
-7.40011e-05
-7.77696e-05
-8.19953e-05
-7.45656e-05
-7.48139e-05
-7.92191e-05
-7.79485e-05
-6.97555e-05
-7.2458e-05
-7.02104e-05
-6.47075e-05
-6.19388e-05
-6.32683e-05
-6.5732e-05
-6.00311e-05
-5.63687e-05
-5.88632e-05
-5.9631e-05
-6.0673e-05
-5.33108e-05
-5.03591e-05
-5.21749e-05
-5.04999e-05
-5.08073e-05
-5.25773e-05
-5.88699e-05
-5.33563e-05
-5.11952e-05
-5.16766e-05
-4.59925e-05
-5.03019e-05
-4.70139e-05
-4.83977e-05
-5.33641e-05
-5.40662e-05
-5.68498e-05
-5.72759e-05
-5.66701e-05
-5.91047e-05
-6.12601e-05
-6.35866e-05
-5.87702e-05
-5.9475e-05
-6.86451e-05
-6.26106e-05
-6.82599e-05
-6.98597e-05
-6.85471e-05
-6.85272e-05
-6.76932e-05
-6.66701e-05
-6.49461e-05
-6.97891e-05
-7.59769e-05
-7.3651e-05
-7.34949e-05
-7.1688e-05
-6.85464e-05
-6.92786e-05
-6.85544e-05
-7.32106e-05
-7.68043e-05
-7.49727e-05
-7.94508e-05
-7.86204e-05
-7.54953e-05
-7.43715e-05
-7.6998e-05
-6.94169e-05
-5.59822e-05
-4.78166e-05
-3.22046e-05
-1.56482e-05
4.83002e-07
5.14552e-06
-9.72348e-06
-7.97265e-06
1.96982e-06
1.72613e-05
3.80682e-05
5.12576e-05
5.5067e-05
4.79082e-05
2.97465e-05
1.20462e-05
-4.12008e-06
-1.87228e-05
-3.0417e-05
-4.69954e-05
-5.60625e-05
-7.60781e-05
-8.97667e-05
-0.000106079
-0.000116364
-0.000118885
-0.000116016
-0.000117825
-0.000121042
-0.000133085
-0.000135269
-0.000134878
-0.000132874
-0.000130854
-0.000129367
-0.000131311
-0.000133287
-0.000130852
-0.000130403
-0.000124048
-0.000108228
-0.000123709
-0.000163199
-0.000188196
-0.000206798
-0.000152301
2.81542e-05
0.000380831
0.000689843
0.000892685
0.00114683
0.00119486
0.000960269
0.000689652
0.000430381
0.000138182
-7.7205e-05
-0.000132083
-9.63756e-05
-5.86132e-05
-3.18536e-05
-3.62965e-05
-5.07539e-05
-5.91928e-05
-6.10405e-05
-6.10461e-05
-5.62712e-05
-5.81347e-05
-5.71404e-05
-5.59406e-05
-5.55083e-05
-4.9298e-05
-4.78466e-05
-4.0886e-05
-3.79309e-05
-3.75361e-05
-3.69379e-05
-3.46778e-05
-3.25812e-05
-2.89009e-05
-2.89758e-05
-2.44492e-05
-2.04585e-05
-1.25003e-05
-1.15489e-05
-4.53439e-06
-1.11091e-06
-3.09788e-07
3.7102e-06
6.50071e-06
1.53308e-05
2.16052e-05
2.58336e-05
3.0433e-05
3.96834e-05
4.79621e-05
5.35718e-05
6.35673e-05
7.44047e-05
7.90853e-05
8.9773e-05
9.55772e-05
0.000102949
0.000106529
0.000111645
0.000120072
0.000125
0.000126645
0.000137541
0.000147245
0.00015
0.00015155
0.000162367
0.000159847
0.00015663
0.000152523
0.000141025
0.000119756
0.000103616
8.01523e-05
5.52173e-05
3.51621e-05
1.62242e-05
-2.69927e-06
-2.07922e-05
-3.42027e-05
-4.32326e-05
-5.56509e-05
-6.10296e-05
-6.84923e-05
-7.38841e-05
-8.18883e-05
-8.37803e-05
-7.88155e-05
-8.13974e-05
-8.00203e-05
-7.75221e-05
-7.37837e-05
-7.33897e-05
-7.52278e-05
-6.94383e-05
-6.86229e-05
-6.91453e-05
-6.73655e-05
-6.63054e-05
-6.18916e-05
-6.20459e-05
-5.94975e-05
-6.06235e-05
-6.06433e-05
-5.90788e-05
-5.87928e-05
-5.35549e-05
-5.34805e-05
-5.15589e-05
-4.95374e-05
-5.15375e-05
-5.17221e-05
-5.08569e-05
-5.2143e-05
-4.92994e-05
-4.71556e-05
-4.72785e-05
-4.95805e-05
-4.92481e-05
-5.18684e-05
-5.35195e-05
-5.38426e-05
-5.45087e-05
-5.44804e-05
-6.15969e-05
-5.54666e-05
-5.56424e-05
-6.04082e-05
-5.93431e-05
-6.23142e-05
-6.83004e-05
-7.00655e-05
-7.04753e-05
-7.20608e-05
-7.42214e-05
-7.68881e-05
-7.6808e-05
-8.10511e-05
-8.13436e-05
-8.26517e-05
-8.35478e-05
-8.34874e-05
-8.71696e-05
-8.82438e-05
-8.38756e-05
-8.69213e-05
-8.77587e-05
-8.9173e-05
-8.9059e-05
-8.50776e-05
-8.49325e-05
-8.56978e-05
-8.49361e-05
-8.64038e-05
-8.63763e-05
-8.6412e-05
-7.93907e-05
-6.83061e-05
-5.89068e-05
-3.90006e-05
-2.2016e-05
-1.50411e-05
-5.79369e-07
-9.38569e-06
-1.5797e-05
-1.50013e-05
3.93266e-06
1.78228e-05
2.35962e-05
3.18888e-05
2.43338e-05
2.86939e-06
-2.36673e-06
-1.11524e-05
-2.5077e-05
-3.48477e-05
-4.13793e-05
-5.39124e-05
-6.37492e-05
-7.95257e-05
-8.86443e-05
-0.000100038
-0.000115817
-0.000121888
-0.000117023
-0.000114754
-0.000118475
-0.000123083
-0.000128921
-0.000129649
-0.000130683
-0.000129329
-0.000130757
-0.000130864
-0.000129294
-0.000130561
-0.000118994
-0.00012284
-0.00015161
-0.000185497
-0.000199264
-0.000190843
-8.07341e-05
0.000181781
0.000557185
0.000817639
0.00106242
0.00128248
0.00118762
0.000901471
0.000622405
0.000300561
4.45625e-05
-7.61569e-05
-7.66752e-05
-3.61817e-05
-8.35384e-06
-2.3007e-05
-4.94706e-05
-6.11919e-05
-6.32945e-05
-5.77633e-05
-6.28421e-05
-6.96077e-05
-7.053e-05
-6.97655e-05
-5.87447e-05
-5.18193e-05
-5.68774e-05
-5.45107e-05
-4.94958e-05
-4.75979e-05
-4.65669e-05
-4.31241e-05
-3.83085e-05
-3.50589e-05
-2.9193e-05
-2.54042e-05
-2.45394e-05
-1.91889e-05
-1.25727e-05
-9.61583e-06
-2.54511e-06
2.18398e-06
6.45208e-06
7.3456e-06
1.48701e-05
1.73721e-05
2.21993e-05
3.20863e-05
4.09928e-05
4.58289e-05
5.38567e-05
5.89674e-05
6.19937e-05
7.48124e-05
7.85597e-05
9.11813e-05
0.000103232
0.000106962
0.000111056
0.00011583
0.00012364
0.000128639
0.000135335
0.000143164
0.000142954
0.00014843
0.000154827
0.000155861
0.000157114
0.000156981
0.000147105
0.000128849
0.000108948
8.47777e-05
5.86208e-05
4.17585e-05
1.97525e-05
4.71605e-06
-1.30709e-05
-2.54862e-05
-3.80973e-05
-5.05618e-05
-5.95538e-05
-6.73043e-05
-6.83774e-05
-7.01739e-05
-7.54736e-05
-7.67925e-05
-7.78613e-05
-7.77915e-05
-8.02283e-05
-7.81283e-05
-7.36918e-05
-7.19282e-05
-7.05229e-05
-7.43911e-05
-7.02456e-05
-6.69019e-05
-6.59217e-05
-6.41642e-05
-6.36838e-05
-5.83559e-05
-5.89251e-05
-5.51517e-05
-5.12471e-05
-5.20021e-05
-5.34034e-05
-5.24315e-05
-5.14719e-05
-4.67063e-05
-4.52041e-05
-4.63533e-05
-4.84094e-05
-4.38973e-05
-4.5508e-05
-4.47459e-05
-4.29976e-05
-3.82737e-05
-3.97034e-05
-4.46338e-05
-4.42351e-05
-4.8693e-05
-4.97007e-05
-4.92255e-05
-5.31884e-05
-5.24399e-05
-4.85633e-05
-5.04012e-05
-5.57582e-05
-5.70597e-05
-5.62512e-05
-6.37102e-05
-6.22982e-05
-6.877e-05
-6.36325e-05
-5.59712e-05
-5.86377e-05
-5.83855e-05
-6.17471e-05
-6.3816e-05
-6.84346e-05
-7.22967e-05
-6.80033e-05
-6.55124e-05
-6.39128e-05
-6.59296e-05
-6.82741e-05
-6.7248e-05
-6.75625e-05
-6.35461e-05
-6.61398e-05
-6.71231e-05
-6.30593e-05
-7.07353e-05
-7.13978e-05
-7.10362e-05
-7.58903e-05
-7.30221e-05
-7.09434e-05
-7.31142e-05
-7.03819e-05
-7.25543e-05
-7.33611e-05
-7.3536e-05
-7.10396e-05
-6.72876e-05
-5.57469e-05
-4.10365e-05
-3.14722e-05
-1.83858e-05
-5.62933e-06
1.42296e-06
-2.66183e-06
-1.42363e-05
-5.969e-06
6.19328e-06
1.61374e-05
3.32817e-05
3.90611e-05
2.83087e-05
4.0862e-06
-7.95545e-06
-8.72545e-06
-2.48712e-05
-3.84414e-05
-4.30819e-05
-5.27338e-05
-7.10274e-05
-8.95889e-05
-9.46461e-05
-0.00010146
-0.000116547
-0.000122075
-0.000124608
-0.000124843
-0.000125388
-0.000131778
-0.000134371
-0.000134431
-0.000127349
-0.000133318
-0.000136995
-0.000130389
-0.000125403
-0.000122382
-0.000114419
-0.000116635
-0.000144624
-0.000176741
-0.000192664
-0.00018339
-7.42639e-05
0.000182512
0.000547827
0.000804017
0.00103964
0.00124422
0.00115031
0.000865867
0.000595241
0.000278613
3.75734e-05
-7.49523e-05
-7.93956e-05
-3.39886e-05
-1.91864e-06
-1.71119e-05
-4.42317e-05
-5.54746e-05
-5.54959e-05
-4.79353e-05
-5.80043e-05
-5.80783e-05
-6.09147e-05
-5.62499e-05
-5.26523e-05
-4.90069e-05
-4.73531e-05
-5.04019e-05
-4.37712e-05
-3.70453e-05
-3.71295e-05
-3.68403e-05
-3.72119e-05
-3.05814e-05
-2.69517e-05
-2.29436e-05
-1.68238e-05
-2.54335e-05
-1.49179e-05
-8.71121e-06
-4.16152e-06
3.23468e-06
7.67932e-06
1.22687e-05
1.37201e-05
1.93813e-05
2.64717e-05
3.24399e-05
3.99827e-05
4.1784e-05
5.21643e-05
6.21954e-05
6.68623e-05
7.72311e-05
8.20334e-05
8.67939e-05
9.47358e-05
9.98324e-05
0.000109488
0.000115687
0.00011922
0.000120785
0.000124777
0.000130328
0.000134462
0.000138662
0.000141221
0.00014433
0.000143355
0.000142404
0.000137911
0.000123594
0.00010405
8.51397e-05
6.34252e-05
4.40977e-05
2.51804e-05
8.17479e-06
-8.72375e-06
-2.7451e-05
-4.2873e-05
-5.17413e-05
-5.93946e-05
-6.59291e-05
-6.96086e-05
-6.9067e-05
-7.12292e-05
-7.59296e-05
-7.15116e-05
-7.70458e-05
-7.61088e-05
-7.36753e-05
-7.36725e-05
-6.92658e-05
-6.83557e-05
-6.80414e-05
-6.51907e-05
-6.453e-05
-6.07377e-05
-5.86968e-05
-5.29763e-05
-4.61924e-05
-4.69883e-05
-4.37585e-05
-4.17586e-05
-4.37081e-05
-4.7407e-05
-4.30171e-05
-3.92936e-05
-4.18567e-05
-3.72627e-05
-3.15678e-05
-3.36668e-05
-3.25101e-05
-3.42293e-05
-3.73639e-05
-3.58871e-05
-3.77335e-05
-4.10152e-05
-3.6975e-05
-3.48827e-05
-3.97359e-05
-4.13489e-05
-4.16547e-05
-4.41705e-05
-4.55217e-05
-4.36061e-05
-4.68268e-05
-4.86042e-05
-4.962e-05
-4.98215e-05
-4.97941e-05
-5.04301e-05
-4.47813e-05
-4.61982e-05
-4.83399e-05
-5.33613e-05
-4.87195e-05
-5.12941e-05
-4.8183e-05
-4.83376e-05
-4.84561e-05
-5.02832e-05
-5.04832e-05
-5.26304e-05
-4.50959e-05
-5.32148e-05
-5.0967e-05
-4.93567e-05
-5.39746e-05
-5.96725e-05
-4.92158e-05
-4.96604e-05
-4.92103e-05
-5.23536e-05
-5.23002e-05
-4.60806e-05
-5.36615e-05
-5.13327e-05
-4.72544e-05
-4.71755e-05
-4.87371e-05
-4.87414e-05
-4.7708e-05
-4.71485e-05
-4.88986e-05
-5.17051e-05
-5.29031e-05
-4.90893e-05
-5.4726e-05
-5.3942e-05
-5.34664e-05
-5.67585e-05
-5.8032e-05
-5.68676e-05
-6.14038e-05
-6.05361e-05
-5.77252e-05
-5.47967e-05
-5.312e-05
-4.46205e-05
-2.99722e-05
-2.72213e-05
-5.74024e-06
6.66761e-06
7.80315e-06
-4.70392e-06
-5.63944e-06
2.43227e-07
1.52489e-05
2.88718e-05
4.57025e-05
4.60056e-05
1.93664e-05
5.06649e-06
-2.60862e-07
-1.85492e-05
-2.4837e-05
-3.1015e-05
-4.48301e-05
-4.98701e-05
-6.67528e-05
-8.24925e-05
-8.92625e-05
-0.00010029
-0.000109441
-0.00010875
-0.000108133
-0.00011008
-0.000109189
-0.0001184
-0.000113386
-0.000111794
-0.000114245
-0.000116285
-0.000116541
-0.000114732
-0.000112892
-0.000107336
-0.000105471
-0.000128382
-0.000162826
-0.000184398
-0.000194234
-0.000133557
6.79602e-05
0.00042359
0.000727811
0.000952016
0.00120818
0.00122002
0.000958575
0.000693917
0.000394339
0.000111382
-5.36993e-05
-8.9303e-05
-6.04164e-05
-2.09563e-05
-2.07208e-05
-4.28677e-05
-6.49528e-05
-6.79507e-05
-5.59757e-05
-5.29727e-05
-5.5178e-05
-5.51945e-05
-5.90882e-05
-5.63693e-05
-5.78285e-05
-5.8486e-05
-5.5771e-05
-4.94175e-05
-4.82184e-05
-4.63988e-05
-4.15941e-05
-4.26905e-05
-4.54772e-05
-3.76397e-05
-3.49263e-05
-3.33182e-05
-2.88094e-05
-2.38747e-05
-2.12465e-05
-1.15258e-05
-8.78678e-06
-7.39834e-06
6.14066e-07
6.15092e-06
9.80365e-06
1.23082e-05
1.94941e-05
2.58631e-05
2.62975e-05
3.26465e-05
4.29487e-05
4.8514e-05
5.32853e-05
6.50498e-05
6.9284e-05
7.66827e-05
8.52349e-05
9.0677e-05
9.80573e-05
0.000103997
0.000107094
0.000118614
0.000120131
0.000124113
0.000131721
0.000135739
0.000137353
0.000140466
0.000141815
0.000140113
0.000129082
0.000112877
9.78251e-05
7.76605e-05
5.95066e-05
3.97968e-05
1.96069e-05
-2.19753e-06
-1.82818e-05
-3.36067e-05
-4.4293e-05
-5.52658e-05
-6.17808e-05
-6.65318e-05
-7.03677e-05
-7.95181e-05
-7.52789e-05
-7.57601e-05
-7.79946e-05
-7.42469e-05
-7.42944e-05
-7.07899e-05
-6.85259e-05
-6.59958e-05
-6.02421e-05
-5.6059e-05
-5.32923e-05
-5.50361e-05
-5.00883e-05
-4.93206e-05
-4.68604e-05
-4.57399e-05
-4.19219e-05
-4.29024e-05
-4.0506e-05
-4.54253e-05
-4.02827e-05
-3.93229e-05
-3.63465e-05
-3.62414e-05
-3.96189e-05
-4.20328e-05
-3.81013e-05
-4.24371e-05
-3.85424e-05
-3.33604e-05
-3.60548e-05
-3.78195e-05
-3.78268e-05
-4.2303e-05
-3.63181e-05
-3.86702e-05
-4.26063e-05
-4.33285e-05
-4.84664e-05
-5.24448e-05
-5.18875e-05
-5.07764e-05
-4.88056e-05
-4.8274e-05
-4.88271e-05
-5.2055e-05
-5.12386e-05
-5.07396e-05
-5.29351e-05
-5.47756e-05
-6.05717e-05
-5.84776e-05
-5.6751e-05
-5.62486e-05
-5.15578e-05
-4.90887e-05
-5.39018e-05
-5.2935e-05
-5.5578e-05
-5.29324e-05
-5.13591e-05
-5.12707e-05
-5.96002e-05
-5.49113e-05
-6.01806e-05
-5.84384e-05
-5.40812e-05
-5.48398e-05
-5.67219e-05
-5.90319e-05
-5.55128e-05
-5.63999e-05
-5.46028e-05
-5.2533e-05
-5.56025e-05
-5.5963e-05
-6.00272e-05
-6.3303e-05
-6.52377e-05
-6.49273e-05
-6.20398e-05
-6.24628e-05
-6.31648e-05
-6.6159e-05
-6.92153e-05
-6.45959e-05
-6.85046e-05
-6.62446e-05
-6.13452e-05
-5.37641e-05
-4.21907e-05
-3.47197e-05
-2.31564e-05
-6.15614e-06
1.28864e-07
-9.51533e-06
-8.38422e-06
5.18054e-06
1.86537e-05
3.1028e-05
4.42094e-05
4.62134e-05
2.53582e-05
7.19125e-06
3.04935e-06
-1.77838e-05
-3.25613e-05
-3.06949e-05
-3.63295e-05
-5.19825e-05
-6.89954e-05
-8.71878e-05
-8.6525e-05
-0.000100681
-0.000113524
-0.000112577
-0.000108765
-0.000111831
-0.000117211
-0.0001143
-0.000108766
-0.000111542
-0.000109446
-0.00011725
-0.000120966
-0.000117403
-0.000111186
-0.000104453
-9.04883e-05
-0.000111936
-0.000145825
-0.000173499
-0.000189502
-0.000118504
8.17933e-05
0.00044325
0.000720765
0.000930547
0.00117944
0.00118016
0.000927625
0.000667648
0.000410009
0.00011997
-7.31601e-05
-0.000106226
-7.13676e-05
-3.85255e-05
-2.22006e-05
-3.49518e-05
-4.4403e-05
-5.12308e-05
-4.97092e-05
-5.2775e-05
-5.13281e-05
-5.31956e-05
-4.84985e-05
-4.6449e-05
-4.83259e-05
-4.24661e-05
-4.15257e-05
-4.63063e-05
-4.07569e-05
-3.66998e-05
-3.34123e-05
-3.05254e-05
-2.71542e-05
-2.21953e-05
-1.84036e-05
-1.16515e-05
-7.3844e-06
-9.32592e-06
-8.41486e-06
-4.59071e-06
-3.26156e-06
-9.60741e-07
7.47017e-06
9.0317e-06
1.19359e-05
1.86386e-05
2.71833e-05
2.97517e-05
3.76648e-05
4.60402e-05
4.79565e-05
6.43872e-05
7.55863e-05
8.47892e-05
9.08673e-05
9.97567e-05
0.000101681
0.000106307
0.000116627
0.000127081
0.000136866
0.000135446
0.000136369
0.000140965
0.000146634
0.000149799
0.000160529
0.000164855
0.000169369
0.000164099
0.000149861
0.000139541
0.000122305
0.000100476
7.77458e-05
5.47262e-05
4.00871e-05
1.87244e-05
2.13857e-06
-1.11372e-05
-2.59306e-05
-4.01697e-05
-4.85043e-05
-5.61663e-05
-6.29777e-05
-6.67089e-05
-6.7414e-05
-7.11848e-05
-7.10486e-05
-7.28255e-05
-7.22118e-05
-7.58764e-05
-7.17185e-05
-6.9472e-05
-6.59839e-05
-6.12762e-05
-5.96146e-05
-6.22086e-05
-6.53761e-05
-6.41425e-05
-6.70788e-05
-6.38777e-05
-6.02546e-05
-5.80393e-05
-5.47685e-05
-5.63832e-05
-5.5124e-05
-5.24389e-05
-4.84105e-05
-4.54499e-05
-4.57348e-05
-4.96705e-05
-5.62327e-05
-5.78989e-05
-6.07647e-05
-6.02329e-05
-6.27525e-05
-6.29415e-05
-6.74775e-05
-6.99869e-05
-6.8278e-05
-6.78342e-05
-7.29469e-05
-7.84506e-05
-8.0111e-05
-8.40103e-05
-8.15587e-05
-8.34108e-05
-8.56897e-05
-8.84663e-05
-9.63314e-05
-8.5895e-05
-9.11972e-05
-8.98927e-05
-8.35602e-05
-8.96934e-05
-9.15678e-05
-8.95898e-05
-8.80021e-05
-9.00094e-05
-9.07163e-05
-9.54328e-05
-9.43834e-05
-9.33418e-05
-9.57403e-05
-9.64226e-05
-9.53865e-05
-9.95061e-05
-0.000100272
-9.77033e-05
-9.36014e-05
-9.45771e-05
-9.83007e-05
-9.82696e-05
-9.77278e-05
-9.74781e-05
-9.59375e-05
-9.98015e-05
-9.32679e-05
-8.99622e-05
-8.2714e-05
-6.59328e-05
-5.95983e-05
-4.86814e-05
-2.90269e-05
-1.60109e-05
-9.82905e-06
-1.58814e-05
-1.49491e-05
-1.33438e-05
-3.29933e-06
1.94663e-05
3.23821e-05
4.65308e-05
2.70238e-05
8.72622e-06
2.0845e-06
-1.54981e-05
-3.31048e-05
-3.48968e-05
-4.01184e-05
-5.4291e-05
-6.94678e-05
-8.73077e-05
-9.28262e-05
-0.000103916
-0.000114254
-0.00011283
-0.000108235
-0.00011168
-0.000113716
-0.000118188
-0.000116233
-0.00011498
-0.000113001
-0.000116673
-0.000114224
-0.000116365
-0.000111637
-0.000109146
-9.57289e-05
-0.00010727
-0.000150097
-0.000175018
-0.000197215
-0.000155204
2.7201e-06
0.000330382
0.000672584
0.000879521
0.00113638
0.0012358
0.00102829
0.000746113
0.000486479
0.000197533
-2.80661e-05
-0.000108341
-8.07091e-05
-4.00325e-05
-2.30209e-05
-2.84337e-05
-4.06033e-05
-4.16477e-05
-4.18401e-05
-4.12292e-05
-4.05523e-05
-3.84708e-05
-4.0042e-05
-4.14548e-05
-3.27353e-05
-3.15624e-05
-3.43879e-05
-3.21315e-05
-3.0265e-05
-2.89654e-05
-2.70226e-05
-2.67129e-05
-2.54189e-05
-1.86485e-05
-1.69062e-05
-1.48592e-05
-1.20452e-05
-5.92983e-06
-3.35663e-06
1.15188e-05
1.25647e-05
1.4771e-05
2.33284e-05
2.32256e-05
2.7606e-05
3.57108e-05
4.3062e-05
4.95624e-05
5.48861e-05
6.40479e-05
6.93511e-05
7.59872e-05
8.1965e-05
8.42996e-05
9.82255e-05
0.000111386
0.000114261
0.000124907
0.000129087
0.000132009
0.000135511
0.000139091
0.000146852
0.00014767
0.000150895
0.000149802
0.000152859
0.000157879
0.000156318
0.000154639
0.000140474
0.000128877
0.000105511
8.71185e-05
6.33548e-05
4.40669e-05
2.31851e-05
3.03224e-06
-1.2451e-05
-2.78472e-05
-4.26806e-05
-5.28498e-05
-5.90646e-05
-6.70348e-05
-6.6107e-05
-6.93628e-05
-7.26608e-05
-7.39034e-05
-8.11662e-05
-7.65626e-05
-8.0815e-05
-7.4394e-05
-7.21847e-05
-7.17171e-05
-6.82271e-05
-6.8644e-05
-6.61724e-05
-6.013e-05
-6.21121e-05
-6.3602e-05
-6.11868e-05
-5.97093e-05
-5.69747e-05
-5.57962e-05
-5.33683e-05
-5.90991e-05
-5.60647e-05
-5.60447e-05
-5.39357e-05
-5.22602e-05
-5.15373e-05
-5.26019e-05
-5.32336e-05
-5.18554e-05
-5.21606e-05
-5.24204e-05
-5.39945e-05
-5.76313e-05
-5.673e-05
-5.71308e-05
-5.87969e-05
-6.1539e-05
-6.16167e-05
-6.18715e-05
-6.16717e-05
-6.08713e-05
-6.70753e-05
-6.75142e-05
-6.78626e-05
-6.9175e-05
-6.9238e-05
-6.82736e-05
-5.90146e-05
-5.97941e-05
-6.17327e-05
-6.40771e-05
-6.55254e-05
-6.6363e-05
-7.25882e-05
-7.09302e-05
-7.02209e-05
-7.53086e-05
-6.96716e-05
-7.28768e-05
-7.84165e-05
-7.16584e-05
-7.02869e-05
-7.47571e-05
-7.28291e-05
-7.33668e-05
-7.29616e-05
-7.64219e-05
-7.37666e-05
-7.51851e-05
-7.27553e-05
-7.62032e-05
-7.56134e-05
-7.38437e-05
-7.5889e-05
-7.5243e-05
-7.50569e-05
-7.61244e-05
-7.24628e-05
-7.15809e-05
-6.67258e-05
-5.50302e-05
-4.19257e-05
-2.79797e-05
-1.78204e-05
-6.46054e-06
-4.76583e-06
-1.48536e-05
-1.4817e-05
-9.83001e-06
7.09034e-06
2.08039e-05
2.8566e-05
3.17689e-05
1.42677e-05
-2.55765e-06
-5.48637e-06
-1.96474e-05
-3.28105e-05
-3.80895e-05
-4.76117e-05
-5.87168e-05
-7.74622e-05
-9.66536e-05
-0.000101433
-0.000113018
-0.000122847
-0.000122967
-0.000124304
-0.00012389
-0.000120132
-0.000127955
-0.000127474
-0.000124346
-0.000124028
-0.000126872
-0.00012483
-0.000124348
-0.000126192
-0.000117044
-0.000113278
-0.000138556
-0.000176443
-0.00018691
-0.000194259
-0.000129643
7.5783e-05
0.000425943
0.000740283
0.000955924
0.00120631
0.00123224
0.000964897
0.000696599
0.000398953
0.000113471
-4.77691e-05
-8.49624e-05
-5.15957e-05
-1.44114e-05
-1.06362e-05
-3.86363e-05
-5.55815e-05
-5.79381e-05
-5.41666e-05
-5.12827e-05
-5.88243e-05
-6.13349e-05
-5.60529e-05
-5.0798e-05
-4.88062e-05
-4.61984e-05
-4.51312e-05
-4.16326e-05
-3.92759e-05
-3.6145e-05
-3.22309e-05
-3.27942e-05
-2.77841e-05
-2.38676e-05
-1.91241e-05
-1.36049e-05
-1.0988e-05
-4.55814e-06
-7.73708e-06
-4.42936e-06
1.01076e-06
6.18303e-06
1.07205e-05
1.99752e-05
2.33813e-05
2.86821e-05
3.54524e-05
3.9465e-05
4.53565e-05
5.93053e-05
6.77577e-05
6.79563e-05
7.50943e-05
7.86999e-05
8.67782e-05
9.17136e-05
9.93537e-05
0.00010753
0.000112579
0.00011612
0.000118686
0.000128375
0.000132652
0.000135361
0.000141479
0.000147638
0.000145924
0.000147577
0.000146943
0.000143127
0.000133411
0.000111878
9.41204e-05
7.40161e-05
4.95331e-05
3.31632e-05
1.26493e-05
-1.77885e-06
-1.62986e-05
-3.23318e-05
-4.56333e-05
-5.50513e-05
-6.19541e-05
-6.76676e-05
-7.35275e-05
-8.18808e-05
-7.7115e-05
-8.31047e-05
-8.62138e-05
-7.99874e-05
-7.89613e-05
-8.03951e-05
-7.60944e-05
-7.53497e-05
-7.02673e-05
-6.87923e-05
-7.01712e-05
-6.46093e-05
-6.28951e-05
-6.7528e-05
-6.85328e-05
-6.55593e-05
-6.19428e-05
-5.92358e-05
-5.85672e-05
-5.73839e-05
-5.39052e-05
-5.43621e-05
-5.44738e-05
-5.25149e-05
-5.12361e-05
-5.33928e-05
-5.29837e-05
-5.45085e-05
-5.54565e-05
-5.15678e-05
-5.41041e-05
-5.39773e-05
-5.48741e-05
-4.93954e-05
-4.99552e-05
-5.39919e-05
-5.86166e-05
-5.73818e-05
-6.01747e-05
-5.78515e-05
-5.81162e-05
-5.68551e-05
-5.34956e-05
-5.79296e-05
-6.29919e-05
-6.42168e-05
-5.94597e-05
-6.334e-05
-6.43638e-05
-6.39132e-05
-5.93298e-05
-5.80359e-05
-6.10523e-05
-6.05365e-05
-5.90439e-05
-6.24299e-05
-6.16606e-05
-6.15066e-05
-6.4877e-05
-6.11487e-05
-6.57852e-05
-6.38877e-05
-6.39391e-05
-6.74008e-05
-6.77003e-05
-6.51053e-05
-7.17317e-05
-7.36177e-05
-6.99502e-05
-7.14687e-05
-7.46198e-05
-6.78515e-05
-7.01008e-05
-6.64101e-05
-6.47578e-05
-6.55597e-05
-6.5245e-05
-6.11457e-05
-5.59951e-05
-4.52718e-05
-3.69261e-05
-1.751e-05
-8.54373e-06
-3.65211e-06
-1.2955e-05
-1.37351e-05
-2.75648e-06
1.46462e-05
2.76975e-05
4.14605e-05
3.50736e-05
9.83229e-06
1.27252e-06
-6.78092e-06
-2.622e-05
-2.89562e-05
-3.26092e-05
-4.16398e-05
-5.8798e-05
-7.34255e-05
-9.53762e-05
-0.00010316
-0.000114407
-0.000121289
-0.000115875
-0.000114813
-0.000117148
-0.000120546
-0.000129102
-0.000124602
-0.000122366
-0.000125821
-0.000125049
-0.000121088
-0.000125699
-0.000119404
-0.000113632
-0.000111422
-0.000141779
-0.000174716
-0.000193538
-0.000202674
-0.000133378
6.94482e-05
0.000426758
0.000722844
0.00093812
0.00118601
0.00118287
0.00091697
0.00065752
0.00036353
9.32252e-05
-5.95631e-05
-8.51917e-05
-5.85774e-05
-1.82457e-05
-2.00016e-05
-3.985e-05
-5.47032e-05
-5.89899e-05
-5.32009e-05
-5.02092e-05
-5.47801e-05
-5.83631e-05
-5.89697e-05
-5.53615e-05
-5.57895e-05
-5.1198e-05
-4.84459e-05
-4.44447e-05
-3.84226e-05
-3.80897e-05
-3.97482e-05
-3.44695e-05
-3.14985e-05
-2.63929e-05
-1.86279e-05
-1.8132e-05
-1.37231e-05
-1.74438e-05
-9.81908e-06
-7.36702e-06
-6.18455e-07
3.60984e-06
9.88228e-06
1.72646e-05
2.52527e-05
2.72476e-05
3.30021e-05
3.48208e-05
4.72738e-05
5.47831e-05
5.924e-05
6.82042e-05
7.24268e-05
7.66655e-05
8.13817e-05
8.94661e-05
0.000103135
0.000104592
0.000114776
0.000119042
0.000122152
0.000122051
0.000128931
0.000133389
0.000139446
0.000144681
0.000148862
0.000150703
0.000147404
0.000143075
0.000128776
0.000115387
9.43425e-05
7.32793e-05
4.88488e-05
3.05761e-05
1.14144e-05
-6.85691e-06
-2.18879e-05
-4.01727e-05
-4.66863e-05
-5.585e-05
-6.96715e-05
-6.96094e-05
-7.24503e-05
-7.41705e-05
-7.8387e-05
-7.73396e-05
-7.73429e-05
-8.09719e-05
-8.0438e-05
-7.54532e-05
-7.86773e-05
-7.30358e-05
-7.3883e-05
-6.83208e-05
-6.58033e-05
-6.49112e-05
-6.40654e-05
-5.95251e-05
-5.75688e-05
-5.28361e-05
-5.73115e-05
-5.23596e-05
-4.64692e-05
-4.67623e-05
-3.96902e-05
-3.88852e-05
-3.33618e-05
-3.58019e-05
-3.81494e-05
-3.8155e-05
-3.60007e-05
-3.23695e-05
-3.39241e-05
-3.14563e-05
-3.04622e-05
-3.40858e-05
-3.53309e-05
-3.51938e-05
-3.54876e-05
-3.37376e-05
-3.06019e-05
-3.65713e-05
-3.60751e-05
-4.11221e-05
-4.58501e-05
-4.96746e-05
-4.79549e-05
-5.11397e-05
-4.68245e-05
-4.47906e-05
-4.4807e-05
-4.5073e-05
-4.34542e-05
-5.06454e-05
-5.33784e-05
-5.63751e-05
-5.75647e-05
-5.29517e-05
-5.34268e-05
-5.46058e-05
-5.29232e-05
-5.8726e-05
-5.67689e-05
-5.71079e-05
-5.59625e-05
-5.61018e-05
-5.2519e-05
-5.31853e-05
-5.78664e-05
-5.31306e-05
-5.50438e-05
-5.12299e-05
-4.91741e-05
-5.29064e-05
-5.38112e-05
-5.68886e-05
-5.59645e-05
-5.80872e-05
-5.71627e-05
-5.69906e-05
-5.46975e-05
-5.78661e-05
-5.78551e-05
-5.24203e-05
-5.65926e-05
-6.02685e-05
-5.51691e-05
-5.56229e-05
-5.89606e-05
-6.0666e-05
-5.85075e-05
-5.38884e-05
-5.6288e-05
-4.71532e-05
-3.19036e-05
-2.45033e-05
-1.45372e-05
-3.2729e-06
-5.99706e-06
-4.66429e-06
-2.29457e-06
8.81271e-06
2.93316e-05
3.9298e-05
4.97153e-05
3.09724e-05
1.02685e-05
3.78753e-06
-1.50314e-05
-2.28208e-05
-3.07943e-05
-3.05823e-05
-4.51836e-05
-6.21231e-05
-7.69323e-05
-8.4142e-05
-9.36944e-05
-0.000108025
-0.000112838
-0.000109814
-0.000117553
-0.000115336
-0.000118797
-0.000116447
-0.000114969
-0.000120236
-0.000121075
-0.0001165
-0.000118386
-0.000116912
-0.000121309
-0.000112974
-0.00011657
-0.000153959
-0.0001816
-0.000199627
-0.000189787
-7.752e-05
0.000175318
0.000551219
0.000794821
0.00103795
0.00123221
0.00111332
0.00083116
0.000575205
0.000272291
2.88254e-05
-8.5682e-05
-8.20994e-05
-4.32506e-05
-1.997e-05
-2.88446e-05
-4.36541e-05
-5.88132e-05
-5.69955e-05
-5.49513e-05
-5.42184e-05
-5.6328e-05
-5.70101e-05
-5.99266e-05
-5.66846e-05
-4.78447e-05
-4.9885e-05
-5.1463e-05
-4.92961e-05
-4.43386e-05
-3.77061e-05
-3.30766e-05
-2.73314e-05
-2.31455e-05
-2.40556e-05
-1.9252e-05
-1.78262e-05
-1.206e-05
-8.93583e-06
-6.79482e-07
6.68175e-08
2.0255e-06
6.86666e-06
7.8317e-06
1.83521e-05
2.02058e-05
2.6563e-05
3.32118e-05
4.03492e-05
4.32531e-05
4.67921e-05
5.0878e-05
6.03729e-05
6.93805e-05
7.84042e-05
8.48542e-05
9.13978e-05
9.55092e-05
9.69379e-05
0.00010431
0.000108248
0.000114366
0.000124204
0.000123028
0.000129616
0.000137383
0.000139747
0.000140975
0.000142573
0.000138549
0.000131104
0.000117893
0.000105415
8.57319e-05
6.86326e-05
4.79008e-05
2.21314e-05
4.64266e-06
-8.84625e-06
-2.77726e-05
-3.71333e-05
-4.79447e-05
-5.69106e-05
-6.2961e-05
-6.99769e-05
-7.56721e-05
-8.03086e-05
-8.17995e-05
-8.97939e-05
-8.82649e-05
-8.72453e-05
-9.20277e-05
-8.26803e-05
-7.83176e-05
-7.37067e-05
-7.12022e-05
-6.69393e-05
-6.52088e-05
-6.61138e-05
-6.06259e-05
-5.9396e-05
-5.85658e-05
-5.79714e-05
-5.97744e-05
-5.54e-05
-5.52006e-05
-5.41985e-05
-4.98477e-05
-4.77152e-05
-5.16186e-05
-4.20225e-05
-4.37975e-05
-4.55036e-05
-4.1984e-05
-3.97256e-05
-3.82976e-05
-3.65388e-05
-3.25822e-05
-3.48812e-05
-4.10685e-05
-4.4426e-05
-4.29766e-05
-4.59822e-05
-4.74915e-05
-4.6181e-05
-5.49367e-05
-4.90933e-05
-4.73009e-05
-6.0375e-05
-5.02752e-05
-4.74698e-05
-5.81587e-05
-5.84834e-05
-5.97537e-05
-5.56403e-05
-5.7466e-05
-5.68567e-05
-5.37013e-05
-5.45762e-05
-5.66354e-05
-5.25454e-05
-5.23551e-05
-5.3638e-05
-6.12829e-05
-6.18857e-05
-5.97035e-05
-6.14093e-05
-6.14398e-05
-5.51376e-05
-5.77051e-05
-6.45778e-05
-6.86756e-05
-6.78844e-05
-6.53446e-05
-5.77085e-05
-5.85658e-05
-6.16779e-05
-6.277e-05
-6.92731e-05
-6.99258e-05
-5.99109e-05
-6.04767e-05
-5.89498e-05
-5.80754e-05
-6.3302e-05
-6.59461e-05
-6.72511e-05
-6.47492e-05
-6.57646e-05
-6.02409e-05
-5.73281e-05
-4.78896e-05
-3.90307e-05
-3.34744e-05
-1.43496e-05
-8.51536e-06
-5.63362e-06
-3.64185e-06
-2.38677e-06
4.35544e-06
1.96087e-05
3.80228e-05
5.74162e-05
5.21209e-05
3.10308e-05
1.55073e-05
2.66354e-06
-1.78114e-05
-2.83225e-05
-2.68783e-05
-3.19152e-05
-4.74161e-05
-7.44918e-05
-8.35486e-05
-9.19849e-05
-0.000104215
-0.000109334
-0.000104714
-0.000103707
-0.000106251
-0.000111675
-0.00011374
-0.000107781
-0.000106776
-0.000104526
-0.000105166
-0.000105433
-0.000105656
-0.000109203
-0.000102248
-9.89621e-05
-0.000135661
-0.000156599
-0.000175884
-0.000174034
-7.39565e-05
0.000168938
0.000540636
0.000768744
0.00100215
0.00119579
0.0011087
0.000838019
0.000586603
0.000319832
4.48826e-05
-0.000104012
-0.00010958
-7.7745e-05
-3.91983e-05
-2.74871e-05
-4.03105e-05
-4.97006e-05
-5.72108e-05
-5.80254e-05
-5.15122e-05
-5.34953e-05
-5.25544e-05
-5.41817e-05
-5.22804e-05
-4.74264e-05
-3.92031e-05
-3.55369e-05
-3.64377e-05
-3.18069e-05
-3.04938e-05
-3.48498e-05
-3.23847e-05
-3.41165e-05
-3.08858e-05
-2.3558e-05
-2.11707e-05
-1.51295e-05
-1.60729e-05
-1.8333e-05
-1.37125e-05
-6.29314e-06
-4.68824e-06
7.18295e-06
1.11282e-05
1.95266e-05
2.25997e-05
2.92254e-05
3.77101e-05
4.44026e-05
4.80778e-05
5.87297e-05
6.63891e-05
6.86117e-05
7.79473e-05
8.42251e-05
9.254e-05
9.76917e-05
0.000102252
0.0001122
0.00012052
0.000122706
0.000128798
0.000131156
0.000135517
0.000141008
0.000142158
0.000150492
0.000150666
0.000149456
0.000135338
0.000118473
0.000100946
7.92884e-05
6.32181e-05
4.22745e-05
2.7991e-05
1.11578e-05
-1.26497e-05
-3.15222e-05
-4.18742e-05
-5.41074e-05
-5.68499e-05
-6.85971e-05
-7.30692e-05
-7.5472e-05
-8.5531e-05
-8.22975e-05
-7.35391e-05
-7.77738e-05
-8.20578e-05
-8.26203e-05
-8.55682e-05
-8.34443e-05
-7.71856e-05
-7.00301e-05
-6.5109e-05
-6.11811e-05
-6.59652e-05
-6.56998e-05
-7.19448e-05
-6.60293e-05
-5.94229e-05
-6.06539e-05
-5.43924e-05
-5.09799e-05
-4.83522e-05
-5.26037e-05
-5.35176e-05
-5.24023e-05
-5.22381e-05
-4.99743e-05
-4.90736e-05
-4.74907e-05
-4.42177e-05
-4.709e-05
-5.03291e-05
-5.65172e-05
-4.84144e-05
-5.1345e-05
-5.17108e-05
-5.16638e-05
-5.5678e-05
-5.92064e-05
-5.89837e-05
-6.08827e-05
-6.11377e-05
-6.02739e-05
-5.95186e-05
-6.12192e-05
-6.6244e-05
-6.83843e-05
-6.90689e-05
-7.08467e-05
-6.52473e-05
-6.28605e-05
-6.29035e-05
-6.57402e-05
-6.78919e-05
-6.53719e-05
-7.18608e-05
-6.91765e-05
-6.52261e-05
-7.11871e-05
-7.70708e-05
-7.0174e-05
-7.1471e-05
-7.38184e-05
-7.0596e-05
-6.86023e-05
-7.13803e-05
-7.19752e-05
-7.01696e-05
-7.37998e-05
-7.56349e-05
-7.39692e-05
-6.88572e-05
-6.47192e-05
-5.93151e-05
-4.94314e-05
-3.44734e-05
-2.30828e-05
-8.309e-06
1.15813e-07
-6.03388e-06
-1.35714e-05
-9.16598e-06
5.12029e-06
1.51455e-05
3.70931e-05
5.2295e-05
3.47636e-05
8.54971e-06
9.06996e-07
-1.50821e-05
-3.29548e-05
-3.54913e-05
-3.72261e-05
-5.07269e-05
-6.3167e-05
-8.45022e-05
-9.48731e-05
-0.000102163
-0.000114178
-0.000118502
-0.000116268
-0.000116955
-0.000120856
-0.000126909
-0.000122773
-0.000121364
-0.000121057
-0.0001274
-0.000125403
-0.000129763
-0.000124248
-0.000121407
-0.000107277
-0.000110813
-0.000152772
-0.000177438
-0.00020266
-0.000178279
-3.96243e-05
0.000264971
0.000625906
0.000828916
0.00108146
0.00120152
0.00102699
0.000742904
0.000491635
0.000211477
-3.45755e-05
-0.00012894
-0.000112674
-7.65291e-05
-4.11655e-05
-4.34841e-05
-5.38079e-05
-5.78546e-05
-6.36564e-05
-6.43457e-05
-5.81575e-05
-5.23095e-05
-5.11656e-05
-4.60464e-05
-4.39505e-05
-4.15831e-05
-3.9935e-05
-3.86223e-05
-3.41585e-05
-3.14391e-05
-3.37558e-05
-2.69119e-05
-2.56418e-05
-2.26086e-05
-1.99053e-05
-1.5432e-05
-1.05047e-05
-8.63792e-06
-6.73735e-06
-1.75111e-06
2.67644e-06
4.35462e-06
1.44576e-05
1.90269e-05
2.55282e-05
3.12576e-05
3.66045e-05
4.09608e-05
4.68598e-05
5.98694e-05
6.08905e-05
6.83755e-05
7.45099e-05
8.52354e-05
9.28955e-05
0.000100953
0.000108236
0.000115667
0.000118687
0.000122589
0.000126916
0.000133902
0.000136397
0.000139485
0.000146782
0.000152078
0.000158839
0.000160518
0.000158598
0.000153536
0.000138343
0.00012006
0.000101795
8.13966e-05
5.99652e-05
3.78255e-05
2.07783e-05
1.16235e-06
-1.68906e-05
-3.22761e-05
-4.99977e-05
-5.46674e-05
-6.03277e-05
-6.67801e-05
-7.35527e-05
-7.94236e-05
-8.07255e-05
-8.29467e-05
-8.75618e-05
-8.85655e-05
-8.81971e-05
-8.41927e-05
-8.19678e-05
-8.36688e-05
-7.90907e-05
-7.84053e-05
-8.00808e-05
-7.91245e-05
-7.50679e-05
-7.01879e-05
-7.29512e-05
-6.63064e-05
-6.50354e-05
-5.97325e-05
-5.37191e-05
-5.64931e-05
-6.11596e-05
-6.06572e-05
-5.6747e-05
-5.52273e-05
-5.52344e-05
-5.37382e-05
-5.15386e-05
-5.06593e-05
-5.59082e-05
-5.60712e-05
-5.3062e-05
-5.48806e-05
-6.41742e-05
-6.22156e-05
-6.20464e-05
-6.02241e-05
-6.166e-05
-6.63482e-05
-6.45333e-05
-6.8008e-05
-6.09256e-05
-6.56063e-05
-6.52547e-05
-6.42499e-05
-6.94398e-05
-6.91745e-05
-6.96622e-05
-6.95173e-05
-7.05013e-05
-7.44894e-05
-7.71956e-05
-7.54498e-05
-7.68337e-05
-7.74299e-05
-7.71707e-05
-7.48329e-05
-7.77415e-05
-7.90584e-05
-7.56133e-05
-7.77932e-05
-7.92881e-05
-8.4067e-05
-7.57645e-05
-7.49908e-05
-7.79245e-05
-7.46801e-05
-7.66579e-05
-7.93385e-05
-7.71304e-05
-7.87549e-05
-7.41982e-05
-7.07664e-05
-6.86761e-05
-4.94953e-05
-3.8484e-05
-2.2932e-05
-3.66479e-06
5.2568e-06
7.09797e-06
-1.13309e-05
-8.59797e-06
-4.44157e-07
1.42609e-05
2.90939e-05
4.25029e-05
3.78273e-05
1.08484e-05
-3.44712e-06
-2.682e-06
-2.16931e-05
-3.24009e-05
-3.64062e-05
-4.38952e-05
-6.02515e-05
-7.37405e-05
-8.5235e-05
-9.07975e-05
-0.00010476
-0.000117339
-0.000119525
-0.000113893
-0.000112383
-0.000118275
-0.000123612
-0.000123128
-0.000122295
-0.000122716
-0.000126386
-0.000122017
-0.00011884
-0.00011724
-0.000111822
-0.000103313
-0.000125468
-0.000166626
-0.000185368
-0.00019126
-0.000130766
6.32053e-05
0.000413908
0.000734747
0.0009531
0.00120851
0.00123929
0.000977047
0.000704025
0.000401413
0.00011879
-5.03759e-05
-8.91813e-05
-5.38649e-05
-1.9697e-05
-1.48555e-05
-3.5966e-05
-5.619e-05
-5.89815e-05
-5.27843e-05
-5.35651e-05
-5.69946e-05
-6.34936e-05
-5.63217e-05
-5.40807e-05
-5.43427e-05
-4.9392e-05
-5.2705e-05
-4.41965e-05
-4.47223e-05
-4.61097e-05
-3.83181e-05
-3.73474e-05
-2.86028e-05
-2.86904e-05
-2.52576e-05
-2.18993e-05
-2.73253e-05
-2.18627e-05
-1.59288e-05
-8.95959e-06
-1.14986e-06
3.47009e-06
1.28457e-05
1.86519e-05
1.97617e-05
2.53505e-05
3.31611e-05
4.05978e-05
4.61033e-05
5.32619e-05
6.30118e-05
6.81976e-05
7.74594e-05
8.14268e-05
9.17395e-05
9.46073e-05
9.85204e-05
0.000110593
0.000116276
0.000119647
0.000130887
0.000130911
0.000141536
0.000141051
0.000145954
0.000151104
0.000148845
0.000150104
0.000148891
0.000142103
0.000131712
0.00011114
8.83258e-05
6.84712e-05
4.59691e-05
2.38991e-05
1.39331e-06
-2.04395e-05
-2.89037e-05
-4.83744e-05
-5.77997e-05
-5.89049e-05
-6.6378e-05
-7.27707e-05
-7.78857e-05
-7.92804e-05
-8.37561e-05
-8.38452e-05
-8.04351e-05
-8.13631e-05
-7.83356e-05
-8.34359e-05
-7.59688e-05
-8.03597e-05
-7.64987e-05
-7.45399e-05
-7.32332e-05
-7.4253e-05
-7.31436e-05
-6.94681e-05
-6.94099e-05
-6.14346e-05
-5.91959e-05
-6.02483e-05
-5.64043e-05
-5.70919e-05
-6.17265e-05
-5.50333e-05
-5.17794e-05
-4.67472e-05
-4.43534e-05
-3.99297e-05
-3.80776e-05
-4.38694e-05
-3.96453e-05
-3.43989e-05
-3.80331e-05
-3.90893e-05
-4.3443e-05
-4.93857e-05
-4.59005e-05
-4.69935e-05
-4.2961e-05
-4.26956e-05
-4.29501e-05
-4.64666e-05
-5.2429e-05
-4.68334e-05
-5.00713e-05
-4.89228e-05
-4.78203e-05
-5.23419e-05
-5.22008e-05
-5.35313e-05
-5.16496e-05
-5.39711e-05
-5.71942e-05
-5.89377e-05
-5.51799e-05
-5.49962e-05
-5.42072e-05
-5.58656e-05
-5.42502e-05
-5.28579e-05
-5.50081e-05
-5.56238e-05
-5.42074e-05
-5.38808e-05
-5.16414e-05
-5.31336e-05
-5.11762e-05
-5.62438e-05
-5.67894e-05
-5.86834e-05
-6.20434e-05
-5.35169e-05
-5.50944e-05
-5.42868e-05
-5.31993e-05
-5.77108e-05
-6.35537e-05
-6.31302e-05
-5.98237e-05
-6.30976e-05
-6.21073e-05
-6.16752e-05
-6.31896e-05
-6.11314e-05
-6.01188e-05
-6.14532e-05
-5.23615e-05
-4.54952e-05
-3.20607e-05
-1.50757e-05
-1.05024e-06
1.32442e-05
1.44632e-05
3.80238e-06
-5.63692e-06
5.44096e-07
1.4577e-05
2.95234e-05
4.01447e-05
4.45849e-05
2.29238e-05
4.97514e-06
2.23252e-06
-1.29757e-05
-2.40099e-05
-3.06703e-05
-3.57302e-05
-5.18116e-05
-6.84991e-05
-8.62468e-05
-9.31026e-05
-0.000107081
-0.000117736
-0.000117254
-0.000110035
-0.00011269
-0.000122563
-0.000126877
-0.000126243
-0.000124508
-0.000126577
-0.00012997
-0.000127018
-0.000127964
-0.000125471
-0.000121498
-0.000114212
-0.000118125
-0.000150391
-0.000179594
-0.000198178
-0.000176344
-5.60722e-05
0.000224418
0.000588093
0.000836501
0.00108675
0.00125583
0.00110597
0.000823002
0.000545803
0.000230386
9.92316e-06
-8.03503e-05
-7.44841e-05
-3.22284e-05
-7.0046e-06
-2.15015e-05
-4.77981e-05
-6.03665e-05
-5.38063e-05
-5.20376e-05
-5.5131e-05
-6.18578e-05
-5.94369e-05
-5.3723e-05
-5.0365e-05
-5.16735e-05
-5.28629e-05
-4.88742e-05
-4.95527e-05
-4.42048e-05
-4.57276e-05
-3.97546e-05
-3.72866e-05
-3.23867e-05
-3.18164e-05
-2.68603e-05
-2.7734e-05
-1.89632e-05
-1.40723e-05
-8.69808e-06
-1.45819e-06
1.82978e-06
3.42784e-06
7.78391e-06
1.50013e-05
1.99158e-05
2.93094e-05
3.7988e-05
4.1008e-05
4.65488e-05
5.05313e-05
5.74125e-05
6.11636e-05
7.09872e-05
7.93042e-05
8.5938e-05
9.10393e-05
9.9795e-05
0.000105287
0.000110458
0.000116586
0.000121482
0.000126593
0.000126205
0.00012872
0.000135753
0.000144968
0.000147099
0.000147782
0.00014641
0.000136688
0.000126085
0.000108241
8.71601e-05
6.87872e-05
4.58893e-05
2.31288e-05
3.8073e-06
-1.33075e-05
-2.34915e-05
-3.54765e-05
-4.66396e-05
-5.54232e-05
-6.2472e-05
-6.96731e-05
-7.24476e-05
-8.08147e-05
-7.42375e-05
-7.47411e-05
-7.42656e-05
-7.55263e-05
-7.42393e-05
-7.65501e-05
-8.08082e-05
-7.72631e-05
-6.99446e-05
-6.95475e-05
-6.78256e-05
-6.69092e-05
-6.55048e-05
-6.26715e-05
-5.73094e-05
-5.27022e-05
-5.28812e-05
-4.90791e-05
-4.9832e-05
-5.1444e-05
-4.83049e-05
-4.55278e-05
-4.16006e-05
-4.6227e-05
-4.90469e-05
-3.5915e-05
-4.07427e-05
-4.10699e-05
-3.67077e-05
-3.73092e-05
-4.03192e-05
-3.70176e-05
-3.76832e-05
-3.43539e-05
-3.53974e-05
-3.63926e-05
-3.84293e-05
-4.15454e-05
-4.44462e-05
-4.70769e-05
-4.97876e-05
-5.30926e-05
-5.41403e-05
-5.13589e-05
-4.73289e-05
-4.91792e-05
-5.11688e-05
-5.16876e-05
-5.47627e-05
-5.49805e-05
-5.60382e-05
-5.61885e-05
-5.27005e-05
-5.36176e-05
-5.70673e-05
-4.91763e-05
-5.31648e-05
-5.43848e-05
-5.90355e-05
-6.00388e-05
-5.60339e-05
-5.7495e-05
-6.04408e-05
-6.02185e-05
-6.0297e-05
-6.58324e-05
-6.53497e-05
-6.28537e-05
-6.39988e-05
-6.40409e-05
-6.40534e-05
-6.82219e-05
-6.60472e-05
-6.70116e-05
-5.94643e-05
-6.55814e-05
-6.71614e-05
-6.51322e-05
-6.72378e-05
-7.19351e-05
-6.81352e-05
-6.42262e-05
-6.81028e-05
-6.75361e-05
-6.64633e-05
-5.17389e-05
-4.33827e-05
-2.38513e-05
-7.41431e-06
3.56125e-06
7.32618e-06
-1.71932e-06
-8.71514e-06
-2.81501e-06
1.63761e-05
3.21474e-05
4.67159e-05
4.59175e-05
2.90193e-05
1.12486e-05
5.71193e-06
-2.91481e-06
-1.82835e-05
-2.42863e-05
-3.15973e-05
-4.7858e-05
-6.55895e-05
-8.00565e-05
-8.77519e-05
-9.78911e-05
-0.000110405
-0.000110209
-0.00011504
-0.00010812
-0.000118201
-0.000124367
-0.000124974
-0.000124332
-0.000125741
-0.000123663
-0.000121509
-0.000120994
-0.000120533
-0.000121189
-0.00011949
-0.000118023
-0.00014951
-0.000176974
-0.000194478
-0.000202816
-0.000119659
0.000107273
0.000476707
0.000759481
0.000994658
0.00123232
0.00118147
0.000903348
0.00063562
0.000326882
6.26063e-05
-7.41299e-05
-9.22664e-05
-6.08158e-05
-2.16029e-05
-2.24779e-05
-4.31627e-05
-5.77344e-05
-6.33005e-05
-6.04122e-05
-5.86531e-05
-6.36035e-05
-6.76634e-05
-6.9275e-05
-6.18233e-05
-5.67236e-05
-5.82137e-05
-5.83574e-05
-5.02765e-05
-4.89111e-05
-4.83454e-05
-4.94579e-05
-4.15855e-05
-3.72202e-05
-3.60803e-05
-3.30528e-05
-3.14856e-05
-2.6067e-05
-2.5242e-05
-1.71454e-05
-1.32349e-05
-7.85518e-06
-5.72449e-06
9.8046e-08
1.10503e-05
1.64412e-05
2.63975e-05
3.51909e-05
3.92444e-05
4.86281e-05
5.68813e-05
6.4854e-05
6.81903e-05
7.46313e-05
8.69215e-05
9.26221e-05
9.87888e-05
0.000105051
0.000107942
0.000111101
0.000116596
0.000119624
0.000136698
0.00013811
0.000142092
0.000149489
0.000148036
0.00014822
0.00014423
0.000141765
0.000139912
0.000132709
0.000115899
9.16215e-05
8.29897e-05
5.95653e-05
3.86645e-05
1.91101e-05
6.1583e-06
-1.1647e-05
-3.07619e-05
-4.26363e-05
-5.28199e-05
-5.56109e-05
-6.37085e-05
-7.11039e-05
-7.38349e-05
-6.91638e-05
-7.50279e-05
-7.36751e-05
-7.33504e-05
-7.16944e-05
-7.25272e-05
-7.05688e-05
-6.95714e-05
-6.03159e-05
-6.11407e-05
-5.97966e-05
-5.58242e-05
-5.50172e-05
-5.60262e-05
-5.67348e-05
-5.10538e-05
-4.89605e-05
-4.14739e-05
-4.12258e-05
-3.73248e-05
-3.60129e-05
-3.43365e-05
-3.1872e-05
-3.06322e-05
-3.01277e-05
-2.76273e-05
-3.14676e-05
-3.58797e-05
-3.09905e-05
-2.59259e-05
-3.11246e-05
-3.03272e-05
-2.71826e-05
-2.81219e-05
-3.21356e-05
-3.44256e-05
-3.69824e-05
-3.57175e-05
-3.92801e-05
-4.51912e-05
-4.18122e-05
-4.5099e-05
-4.6229e-05
-4.74352e-05
-5.10277e-05
-5.35335e-05
-5.67882e-05
-5.86254e-05
-5.73774e-05
-5.6107e-05
-5.40555e-05
-5.41076e-05
-5.60103e-05
-6.27259e-05
-6.39131e-05
-6.0127e-05
-6.00152e-05
-6.05117e-05
-6.17351e-05
-6.30064e-05
-5.95298e-05
-6.32852e-05
-6.49309e-05
-5.57828e-05
-6.39067e-05
-6.59663e-05
-6.63906e-05
-6.64588e-05
-6.45669e-05
-6.48451e-05
-6.20644e-05
-6.33627e-05
-6.50493e-05
-6.32734e-05
-6.75315e-05
-6.20912e-05
-5.79483e-05
-5.45216e-05
-5.82761e-05
-6.11564e-05
-6.23262e-05
-7.082e-05
-6.32062e-05
-6.64238e-05
-6.45032e-05
-6.50619e-05
-6.73163e-05
-6.79826e-05
-6.01348e-05
-4.19193e-05
-2.91882e-05
-1.96068e-05
1.74097e-06
1.20201e-05
1.20986e-05
-2.76152e-06
-3.03858e-06
2.15541e-06
1.93442e-05
3.21694e-05
4.45376e-05
3.9004e-05
1.40604e-05
3.24186e-06
-5.4463e-06
-1.73226e-05
-2.55873e-05
-3.09897e-05
-4.00952e-05
-5.97582e-05
-7.44431e-05
-8.99065e-05
-9.70029e-05
-0.000109855
-0.000117028
-0.000119315
-0.000116223
-0.000113687
-0.000122785
-0.000125124
-0.000122199
-0.000122587
-0.000119803
-0.000123116
-0.00012632
-0.000120919
-0.000129121
-0.000120657
-0.00010607
-0.000125919
-0.00016199
-0.000182023
-0.000199513
-0.000147981
2.6405e-05
0.00037437
0.000701567
0.000914901
0.00117521
0.0012394
0.000998004
0.000726271
0.000446382
0.000152571
-3.94342e-05
-9.06139e-05
-6.30174e-05
-2.14728e-05
-1.28954e-05
-2.45408e-05
-4.59354e-05
-5.53284e-05
-5.27012e-05
-5.47086e-05
-5.09119e-05
-5.23074e-05
-5.29913e-05
-5.32319e-05
-5.33361e-05
-5.6462e-05
-5.51851e-05
-5.73314e-05
-5.0611e-05
-4.90407e-05
-4.35769e-05
-4.10949e-05
-3.68887e-05
-3.05836e-05
-3.08592e-05
-3.67045e-05
-3.2398e-05
-3.12053e-05
-2.37659e-05
-1.48937e-05
-1.04626e-05
-7.28283e-06
-3.43418e-06
2.78475e-06
6.11925e-06
1.40561e-05
2.05422e-05
2.2805e-05
3.80309e-05
4.25875e-05
4.62985e-05
5.27754e-05
5.65394e-05
6.34463e-05
6.61829e-05
7.7479e-05
9.01885e-05
9.23972e-05
0.000110112
0.000113
0.000117354
0.000123601
0.000122925
0.000126236
0.000130986
0.000131982
0.000139318
0.000142193
0.000145813
0.000141122
0.000135014
0.000124583
0.000103113
7.85322e-05
4.79589e-05
3.52554e-05
1.69381e-05
2.41489e-06
-7.79491e-06
-2.25837e-05
-3.85456e-05
-5.59769e-05
-6.59484e-05
-7.04446e-05
-7.94987e-05
-7.53537e-05
-7.27241e-05
-7.30606e-05
-7.03493e-05
-6.92209e-05
-7.29402e-05
-7.18989e-05
-7.29891e-05
-6.95269e-05
-6.27004e-05
-6.76505e-05
-6.53575e-05
-6.72787e-05
-6.46397e-05
-6.13102e-05
-5.93589e-05
-5.64841e-05
-5.33353e-05
-5.29357e-05
-4.64596e-05
-4.40612e-05
-4.40057e-05
-4.79494e-05
-4.74163e-05
-4.86414e-05
-4.75135e-05
-4.44676e-05
-3.97967e-05
-3.28958e-05
-3.29527e-05
-3.90773e-05
-4.03778e-05
-4.36405e-05
-4.87943e-05
-4.89741e-05
-4.92421e-05
-4.91112e-05
-4.73494e-05
-4.84542e-05
-5.21904e-05
-5.50709e-05
-5.3957e-05
-5.60665e-05
-5.18932e-05
-5.30894e-05
-5.2919e-05
-5.14247e-05
-5.47454e-05
-5.9023e-05
-6.10653e-05
-5.75249e-05
-5.57922e-05
-6.38758e-05
-6.23276e-05
-5.8629e-05
-6.6807e-05
-6.42815e-05
-5.8656e-05
-6.14492e-05
-6.32695e-05
-5.89744e-05
-6.48692e-05
-6.15673e-05
-6.11884e-05
-6.25267e-05
-6.1089e-05
-6.21565e-05
-6.36919e-05
-6.71952e-05
-6.66491e-05
-6.7632e-05
-7.09173e-05
-7.27128e-05
-7.11858e-05
-6.79233e-05
-6.8789e-05
-7.31533e-05
-6.5869e-05
-7.16679e-05
-6.51856e-05
-5.17666e-05
-3.65677e-05
-2.28702e-05
-6.05223e-06
2.59174e-07
1.17789e-05
4.85804e-06
-9.07174e-06
-9.7902e-07
1.79879e-05
3.24867e-05
4.8699e-05
5.51199e-05
4.84197e-05
2.76028e-05
1.47612e-05
3.83874e-06
-9.80162e-06
-1.69786e-05
-2.50175e-05
-4.23965e-05
-6.62693e-05
-8.1239e-05
-9.01824e-05
-0.000101027
-0.000108205
-0.000111388
-0.000104309
-0.000107804
-0.000115304
-0.000121115
-0.0001188
-0.000116064
-0.000115994
-0.000124122
-0.00012643
-0.000121319
-0.000124739
-0.000124187
-0.000120761
-0.000108685
-0.000114668
-0.000155628
-0.000176028
-0.000198256
-0.000175373
-4.20259e-05
0.000252722
0.000612029
0.000816482
0.0010709
0.00120758
0.0010492
0.000774291
0.000524897
0.00024286
-1.5575e-05
-0.000125561
-0.000117211
-7.85459e-05
-4.7569e-05
-4.16979e-05
-5.51148e-05
-5.92624e-05
-6.87736e-05
-7.17217e-05
-7.17246e-05
-7.08932e-05
-6.88354e-05
-6.56362e-05
-5.94125e-05
-5.77979e-05
-4.84525e-05
-4.81922e-05
-4.29755e-05
-3.87903e-05
-4.24139e-05
-4.014e-05
-3.7306e-05
-3.91047e-05
-3.74096e-05
-3.01204e-05
-2.71139e-05
-2.01609e-05
-1.29921e-05
-5.72023e-06
-2.08862e-06
4.37099e-06
7.83864e-06
1.25249e-05
1.64396e-05
2.5103e-05
2.8838e-05
3.44157e-05
4.07843e-05
5.15183e-05
6.0387e-05
6.56015e-05
7.59229e-05
8.49875e-05
8.48596e-05
9.01021e-05
0.000101679
0.00010592
0.00011286
0.000120078
0.000125873
0.000128696
0.000133804
0.000136848
0.000141229
0.000144712
0.00014971
0.00015355
0.000161951
0.000158142
0.000147172
0.000130432
0.000114997
9.22072e-05
7.5476e-05
5.61261e-05
3.12854e-05
1.41095e-05
-2.2849e-06
-2.35563e-05
-3.62847e-05
-4.72141e-05
-5.08552e-05
-6.2007e-05
-6.40608e-05
-6.15967e-05
-6.43767e-05
-7.09537e-05
-7.67226e-05
-7.59105e-05
-7.74202e-05
-7.18984e-05
-7.49709e-05
-6.53318e-05
-6.4878e-05
-6.41691e-05
-6.58314e-05
-6.6547e-05
-6.55228e-05
-6.38324e-05
-6.32779e-05
-6.40031e-05
-5.71511e-05
-5.51221e-05
-6.08617e-05
-6.01996e-05
-5.81261e-05
-5.4385e-05
-4.92117e-05
-5.08496e-05
-5.16441e-05
-5.06642e-05
-5.38903e-05
-5.56635e-05
-5.02162e-05
-5.33898e-05
-5.44888e-05
-5.32995e-05
-5.70806e-05
-5.55149e-05
-5.85316e-05
-6.074e-05
-6.47568e-05
-6.05386e-05
-6.27952e-05
-6.37516e-05
-6.17068e-05
-6.29331e-05
-6.93604e-05
-7.23972e-05
-7.06661e-05
-6.41658e-05
-6.94354e-05
-7.30295e-05
-7.39941e-05
-7.49959e-05
-7.66378e-05
-8.06626e-05
-8.05864e-05
-8.24634e-05
-8.482e-05
-8.70008e-05
-8.77907e-05
-9.05227e-05
-8.92149e-05
-8.97036e-05
-9.26042e-05
-8.6671e-05
-8.50392e-05
-8.4607e-05
-8.73256e-05
-9.14039e-05
-9.02985e-05
-9.06381e-05
-9.2748e-05
-8.72219e-05
-8.13551e-05
-6.93277e-05
-6.11087e-05
-4.8197e-05
-2.547e-05
-1.15415e-05
1.91767e-06
-5.97643e-07
-9.98873e-06
-1.21294e-05
-3.00975e-06
1.42029e-05
3.90893e-05
5.05848e-05
4.28755e-05
2.8317e-05
1.21746e-05
1.67739e-06
-1.3519e-05
-2.74031e-05
-3.42098e-05
-4.28701e-05
-5.40912e-05
-7.46815e-05
-8.80012e-05
-9.9842e-05
-0.000108412
-0.000118659
-0.000118403
-0.000114295
-0.00011784
-0.000128306
-0.000128074
-0.000127034
-0.000127809
-0.000128321
-0.000129071
-0.000128154
-0.000127611
-0.000129132
