0.002
0.00199968
0.00199874
0.00199716
0.00199495
0.00199211
0.00198864
0.00198453
0.0019798
0.00197445
0.00196846
0.00196185
0.00195461
0.00194674
0.00193826
0.00192915
0.00191942
0.00190907
0.00189811
0.00188653
0.00187433
0.00186153
0.00184811
0.00183409
0.00181946
0.00180423
0.00178839
0.00177196
0.00175494
0.00173732
0.00171911
0.00170031
0.00168093
0.00166096
0.00164042
0.00161931
0.00159762
0.00157537
0.00155255
0.00152916
0.00150523
0.00148074
0.00145569
0.00143011
0.00140398
0.00137731
0.00135011
0.00132238
0.00129413
0.00126536
0.00123607
0.00120627
0.00117596
0.00114515
0.00111385
0.00108205
0.00104977
0.00101701
0.000983765
0.000950052
0.000915875
0.000881236
0.000846143
0.0008106
0.000774613
0.000738188
0.000701331
0.000664047
0.000626343
0.000588224
0.000549696
0.000510765
0.000471438
0.000431721
0.00039162
0.000351141
0.000310291
0.000269076
0.000227502
0.000185577
0.000143307
0.000100699
5.77581e-05
1.44928e-05
-2.90906e-05
-7.29853e-05
-0.000117184
-0.000161681
-0.000206467
-0.000251537
-0.000296883
-0.000342498
-0.000388374
-0.000434505
-0.000480884
-0.000527502
-0.000574352
-0.000621428
-0.000668722
-0.000716226
-0.000763932
-0.000811834
-0.000859923
-0.000908192
-0.000956634
-0.00100524
-0.001054
-0.00110292
-0.00115197
-0.00120116
-0.00125047
-0.00129991
-0.00134945
-0.0013991
-0.00144884
-0.00149867
-0.00154857
-0.00159855
-0.0016486
-0.00169869
-0.00174884
-0.00179902
-0.00184924
-0.00189948
-0.00194974
-0.002
-0.00205026
-0.00210052
-0.00215076
-0.00220098
-0.00225116
-0.00230131
-0.0023514
-0.00240145
-0.00245143
-0.00250133
-0.00255116
-0.0026009
-0.00265055
-0.00270009
-0.00274953
-0.00279884
-0.00284803
-0.00289708
-0.002946
-0.00299476
-0.00304337
-0.00309181
-0.00314008
-0.00318817
-0.00323607
-0.00328377
-0.00333128
-0.00337857
-0.00342565
-0.0034725
-0.00351912
-0.00356549
-0.00361163
-0.0036575
-0.00370312
-0.00374846
-0.00379353
-0.00383832
-0.00388282
-0.00392701
-0.00397091
-0.00401449
-0.00405776
-0.0041007
-0.00414331
-0.00418558
-0.0042275
-0.00426908
-0.00431029
-0.00435114
-0.00439162
-0.00443172
-0.00447144
-0.00451077
-0.0045497
-0.00458822
-0.00462634
-0.00466405
-0.00470133
-0.00473819
-0.00477461
-0.0048106
-0.00484614
-0.00488124
-0.00491587
-0.00495005
-0.00498376
-0.00501701
-0.00504977
-0.00508205
-0.00511385
-0.00514515
-0.00517596
-0.00520627
-0.00523607
-0.00526536
-0.00529413
-0.00532238
-0.00535011
-0.00537731
-0.00540398
-0.00543011
-0.00545569
-0.00548074
-0.00550523
-0.00552916
-0.00555255
-0.00557537
-0.00559762
-0.00561931
-0.00564042
-0.00566096
-0.00568093
-0.00570031
-0.00571911
-0.00573732
-0.00575494
-0.00577196
-0.00578839
-0.00580423
-0.00581946
-0.00583409
-0.00584811
-0.00586153
-0.00587433
-0.00588653
-0.00589811
-0.00590907
-0.00591942
-0.00592915
-0.00593826
-0.00594674
-0.00595461
-0.00596185
-0.00596846
-0.00597445
-0.0059798
-0.00598453
-0.00598864
-0.00599211
-0.00599495
-0.00599716
-0.00599874
-0.00599968
0.994
-0.00599968
-0.00599874
-0.00599716
-0.00599495
-0.00599211
-0.00598864
-0.00598453
-0.0059798
-0.00597445
-0.00596846
-0.00596185
-0.00595461
-0.00594674
-0.00593826
-0.00592915
-0.00591942
-0.00590907
-0.00589811
-0.00588653
-0.00587433
-0.00586153
-0.00584811
-0.00583409
-0.00581946
-0.00580423
-0.00578839
-0.00577196
-0.00575494
-0.00573732
-0.00571911
-0.00570031
-0.00568093
-0.00566096
-0.00564042
-0.00561931
-0.00559762
-0.00557537
-0.00555255
-0.00552916
-0.00550523
-0.00548074
-0.00545569
-0.00543011
-0.00540398
-0.00537731
-0.00535011
-0.00532238
-0.00529413
-0.00526536
-0.00523607
-0.00520627
-0.00517596
-0.00514515
-0.00511385
-0.00508205
-0.00504977
-0.00501701
-0.00498376
-0.00495005
-0.00491587
-0.00488124
-0.00484614
-0.0048106
-0.00477461
-0.00473819
-0.00470133
-0.00466405
-0.00462634
-0.00458822
-0.0045497
-0.00451077
-0.00447144
-0.00443172
-0.00439162
-0.00435114
-0.00431029
-0.00426908
-0.0042275
-0.00418558
-0.00414331
-0.0041007
-0.00405776
-0.00401449
-0.00397091
-0.00392701
-0.00388282
-0.00383832
-0.00379353
-0.00374846
-0.00370312
-0.0036575
-0.00361163
-0.00356549
-0.00351912
-0.0034725
-0.00342565
-0.00337857
-0.00333128
-0.00328377
-0.00323607
-0.00318817
-0.00314008
-0.00309181
-0.00304337
-0.00299476
-0.002946
-0.00289708
-0.00284803
-0.00279884
-0.00274953
-0.00270009
-0.00265055
-0.0026009
-0.00255116
-0.00250133
-0.00245143
-0.00240145
-0.0023514
-0.00230131
-0.00225116
-0.00220098
-0.00215076
-0.00210052
-0.00205026
-0.002
-0.00194974
-0.00189948
-0.00184924
-0.00179902
-0.00174884
-0.00169869
-0.0016486
-0.00159855
-0.00154857
-0.00149867
-0.00144884
-0.0013991
-0.00134945
-0.00129991
-0.00125047
-0.00120116
-0.00115197
-0.00110292
-0.001054
-0.00100524
-0.000956634
-0.000908192
-0.000859923
-0.000811834
-0.000763932
-0.000716226
-0.000668722
-0.000621428
-0.000574352
-0.000527502
-0.000480884
-0.000434505
-0.000388374
-0.000342498
-0.000296883
-0.000251537
-0.000206467
-0.000161681
-0.000117184
-7.29853e-05
-2.90906e-05
1.44928e-05
5.77581e-05
0.000100699
0.000143307
0.000185577
0.000227502
0.000269076
0.000310291
0.000351141
0.00039162
0.000431721
0.000471438
0.000510765
0.000549696
0.000588224
0.000626343
0.000664047
0.000701331
0.000738188
0.000774613
0.0008106
0.000846143
0.000881236
0.000915875
0.000950052
0.000983765
0.00101701
0.00104977
0.00108205
0.00111385
0.00114515
0.00117596
0.00120627
0.00123607
0.00126536
0.00129413
0.00132238
0.00135011
0.00137731
0.00140398
0.00143011
0.00145569
0.00148074
0.00150523
0.00152916
0.00155255
0.00157537
0.00159762
0.00161931
0.00164042
0.00166096
0.00168093
0.00170031
0.00171911
0.00173732
0.00175494
0.00177196
0.00178839
0.00180423
0.00181946
0.00183409
0.00184811
0.00186153
0.00187433
0.00188653
0.00189811
0.00190907
0.00191942
0.00192915
0.00193826
0.00194674
0.00195461
0.00196185
0.00196846
0.00197445
0.0019798
0.00198453
0.00198864
0.00199211
0.00199495
0.00199716
0.00199874
0.00199968