4.04406e-36
2.6841e-34
6.14801e-33
8.62139e-32
9.1143e-31
7.9922e-30
6.09606e-29
4.14404e-28
2.54285e-27
1.41813e-26
7.2164e-26
3.35925e-25
1.43317e-24
5.61294e-24
2.02114e-23
6.7022e-23
2.05024e-22
5.7967e-22
1.51795e-21
3.69009e-21
8.34905e-21
1.76312e-20
3.48588e-20
6.47429e-20
1.13369e-19
1.87883e-19
2.95895e-19
4.4469e-19
6.40462e-19
8.87737e-19
1.18911e-18
1.54531e-18
1.9555e-18
2.41774e-18
2.92932e-18
3.48719e-18
4.08809e-18
4.7287e-18
5.40568e-18
6.11565e-18
6.85519e-18
7.6208e-18
8.40893e-18
9.21589e-18
1.0038e-17
1.08714e-17
1.17122e-17
1.25564e-17
1.34002e-17
1.42395e-17
1.50703e-17
1.58885e-17
1.66903e-17
1.74718e-17
1.82294e-17
1.89594e-17
1.96585e-17
2.03235e-17
2.09512e-17
2.15386e-17
2.20827e-17
2.25807e-17
2.30297e-17
2.34272e-17
2.37707e-17
2.4058e-17
2.42873e-17
2.44568e-17
2.45655e-17
2.46124e-17
2.45967e-17
2.45181e-17
2.43763e-17
2.41711e-17
2.39029e-17
2.3572e-17
2.3179e-17
2.27251e-17
2.22116e-17
2.16401e-17
2.10127e-17
2.03316e-17
1.95996e-17
1.88196e-17
1.79947e-17
1.71284e-17
1.62245e-17
1.52871e-17
1.43204e-17
1.33294e-17
1.23192e-17
1.12955e-17
1.02649e-17
9.23419e-18
8.21119e-18
7.20423e-18
6.2223e-18
5.27495e-18
4.37222e-18
3.52454e-18
2.74266e-18
2.03748e-18
1.4199e-18
9.00692e-19
4.9023e-19
1.9837e-19
3.42885e-20
6.40635e-21
1.2238e-19
3.89157e-19
8.13082e-19
1.40004e-18
2.15562e-18
3.08528e-18
4.19445e-18
5.4887e-18
6.97379e-18
8.65567e-18
1.05405e-17
1.26345e-17
1.49439e-17
1.74749e-17
2.02334e-17
2.32251e-17
2.64553e-17
2.99292e-17
3.36521e-17
3.76297e-17
4.18694e-17
4.63807e-17
5.11774e-17
5.6279e-17
6.17124e-17
6.75131e-17
7.37248e-17
8.03979e-17
8.75849e-17
9.53345e-17
1.03684e-16
1.1265e-16
1.22223e-16
1.32363e-16
1.42999e-16
1.54036e-16
1.65365e-16
1.76871e-16
1.88451e-16
2.00024e-16
2.11533e-16
2.22948e-16
2.34265e-16
2.45496e-16
2.56666e-16
2.67798e-16
2.78916e-16
2.90038e-16
3.01173e-16
3.12323e-16
3.23486e-16
3.34652e-16
3.45811e-16
3.56949e-16
3.68051e-16
3.79102e-16
3.90087e-16
4.00989e-16
4.11792e-16
4.22481e-16
4.33038e-16
4.43448e-16
4.53696e-16
4.63764e-16
4.73638e-16
4.83301e-16
4.9274e-16
5.0194e-16
5.10886e-16
5.19564e-16
5.2796e-16
5.36061e-16
5.43853e-16
5.51323e-16
5.58457e-16
5.65241e-16
5.71665e-16
5.77715e-16
5.83382e-16
5.88653e-16
5.9352e-16
5.97973e-16
6.02002e-16
6.05599e-16
6.08755e-16
6.11461e-16
6.13708e-16
6.15488e-16
6.16791e-16
6.17608e-16
6.1793e-16
6.17749e-16
6.17053e-16
6.15832e-16
6.14073e-16
6.11764e-16
6.0889e-16
6.05439e-16
6.01395e-16
5.96747e-16
5.91484e-16
5.85601e-16
5.79094e-16
5.71965e-16
5.64224e-16
5.55882e-16
5.46957e-16
5.37473e-16
5.27456e-16
5.16934e-16
5.05939e-16
4.94505e-16
4.82665e-16
4.70452e-16
4.57901e-16
4.45045e-16
4.31917e-16
4.1855e-16
4.04976e-16
3.91226e-16
3.77331e-16
3.63322e-16
3.49227e-16
3.35077e-16
3.209e-16
3.06725e-16
2.9258e-16
2.78493e-16
2.64491e-16
2.50602e-16
2.36853e-16
2.2327e-16
2.0988e-16
1.96709e-16
1.83781e-16
1.71123e-16
1.58758e-16
1.4671e-16
1.35003e-16
1.23657e-16
1.12695e-16
1.0201e-16
9.15044e-17
8.0781e-17
6.8895e-17
5.38973e-17
3.29042e-17
7.12165e-18
1.2394e-17
2.55314e-16
1.62001e-15
7.28319e-15
2.70991e-14
8.75337e-14
2.49598e-13
6.31656e-13
1.41932e-12
2.82508e-12
4.95869e-12
7.62091e-12
1.01441e-11
1.14921e-11
1.07509e-11
7.82651e-12
3.83798e-12
7.23955e-13
1.43134e-13
2.40634e-12
6.27094e-12
9.76363e-12
1.13749e-11
1.07588e-11
8.59248e-12
5.9258e-12
3.58012e-12
1.91407e-12
9.1238e-13
3.89846e-13
1.49741e-13
5.1604e-14
1.57439e-14
4.06097e-15
7.54096e-16
4.14933e-17
3.41033e-17
1.70353e-16
2.89317e-16
3.45778e-16
3.42554e-16
3.1417e-16
3.09959e-16
3.86489e-16
6.30729e-16
1.18302e-15
2.19033e-15
3.65643e-15
5.28636e-15
6.50617e-15
6.7441e-15
5.81617e-15
4.09989e-15
2.30905e-15
1.02784e-15
3.97437e-16
2.14961e-16
3.04472e-16
7.4689e-16
1.71003e-15
3.06765e-15
4.26345e-15
4.64292e-15
3.96857e-15
2.6142e-15
1.25615e-15
3.78493e-16
3.80484e-17
7.6914e-18
5.44511e-17
8.18537e-17
9.86292e-17
1.49396e-16
3.1045e-16
7.35301e-16
1.68926e-15
3.5517e-15
6.79607e-15
1.19274e-14
1.93023e-14
2.87704e-14
3.92309e-14
4.84426e-14
5.35171e-14
5.21662e-14
4.40726e-14
3.13646e-14
1.77125e-14
6.6943e-15
6.92261e-16
1.05701e-15
9.20462e-15
2.76665e-14
6.00723e-14
1.09357e-13
1.74378e-13
2.46745e-13
3.10846e-13
3.48697e-13
3.47754e-13
3.0697e-13
2.3732e-13
1.56858e-13
8.37291e-14
3.08661e-14
3.93334e-15
1.85157e-15
1.84955e-14
4.47058e-14
7.05146e-14
8.76063e-14
9.15236e-14
8.26748e-14
6.54888e-14
4.60624e-14
2.95689e-14
1.8776e-14
1.43984e-14
1.77239e-14
3.69677e-14
1.00813e-13
2.82587e-13
7.29968e-13
1.67194e-12
3.34583e-12
5.79303e-12
8.56943e-12
1.05999e-11
1.05202e-11
7.64221e-12
3.08657e-12
6.67896e-14
2.4926e-12
1.22731e-11
2.71348e-11
4.09821e-11
4.71577e-11
4.25635e-11
2.96317e-11
1.46682e-11
3.88079e-12
2.71023e-14
1.78432e-12
5.64602e-12
8.47784e-12
8.96712e-12
7.50998e-12
5.23909e-12
3.12746e-12
1.62527e-12
7.46078e-13
3.08082e-13
1.17995e-13
4.43492e-14
1.79706e-14
8.7999e-15
5.55053e-15
4.32946e-15
3.78721e-15
3.4369e-15
3.13428e-15
2.89172e-15
2.78011e-15
2.87382e-15
3.22583e-15
3.84571e-15
4.66091e-15
5.48323e-15
6.03482e-15
6.05963e-15
5.46801e-15
4.40815e-15
3.19632e-15
2.14886e-15
1.44159e-15
1.09264e-15
1.04931e-15
1.26758e-15
1.69706e-15
2.20026e-15
2.52492e-15
2.41223e-15
1.78778e-15
8.79476e-16
1.48264e-16
7.36781e-17
9.62159e-16
2.92792e-15
6.06514e-15
1.07189e-14
1.77548e-14
2.87734e-14
4.61941e-14
7.30146e-14
1.11962e-13
1.63905e-13
2.25897e-13
2.89843e-13
3.43064e-13
3.71415e-13
3.64289e-13
3.19413e-13
2.44998e-13
1.57864e-13
7.81399e-14
2.27629e-14
4.52794e-16
9.97267e-15
4.19386e-14
8.3021e-14
1.20638e-13
1.46369e-13
1.57155e-13
1.54414e-13
1.42021e-13
1.2428e-13
1.04628e-13
8.5247e-14
6.72913e-14
5.13299e-14
3.76881e-14
2.65686e-14
1.80092e-14
1.18166e-14
7.5883e-15
4.82372e-15
3.05291e-15
1.91576e-15
1.17716e-15
6.9943e-16
4.01615e-16
2.27532e-16
1.31832e-16
7.89048e-17
4.43756e-17
1.63222e-17
8.61974e-20
2.5518e-17
1.46304e-16
4.22371e-16
8.89957e-16
1.53673e-15
2.29827e-15
3.07733e-15
3.77066e-15
4.28475e-15
4.53475e-15
4.44037e-15
3.94301e-15
3.05637e-15
1.92706e-15
8.4387e-16
1.42579e-16
3.06951e-17
4.49268e-16
1.09182e-15
1.58339e-15
1.691e-15
1.42033e-15
9.56578e-16
5.20467e-16
2.44073e-16
1.39423e-16
1.92419e-16
5.84383e-16
1.98836e-15
5.77963e-15
1.38869e-14
2.80315e-14
4.84034e-14
7.23759e-14
9.42988e-14
1.0716e-13
1.05737e-13
8.94865e-14
6.31751e-14
3.47459e-14
1.20306e-14
6.46934e-16
4.1355e-15
2.5404e-14
6.75192e-14
1.32262e-13
2.16382e-13
3.07771e-13
3.85447e-13
4.25955e-13
4.14067e-13
3.51223e-13
2.55719e-13
1.54372e-13
7.11695e-14
1.94419e-14
4.32738e-16
6.75545e-15
2.74042e-14
5.18128e-14
7.21405e-14
8.40505e-14
8.64952e-14
8.0895e-14
7.00232e-14
5.69354e-14
4.42428e-14
3.3861e-14
2.7204e-14
2.59018e-14
3.39187e-14
6.37777e-14
1.51902e-13
3.87368e-13
9.46882e-13
2.1004e-12
4.11926e-12
7.03082e-12
1.02828e-11
1.25921e-11
1.23722e-11
8.87555e-12
3.4983e-12
5.55181e-14
3.08618e-12
1.46802e-11
3.19917e-11
4.77968e-11
5.44261e-11
4.85624e-11
3.33492e-11
1.62141e-11
4.15676e-12
1.80031e-14
2.03469e-12
6.19952e-12
9.13702e-12
9.5609e-12
7.98935e-12
5.63093e-12
3.46241e-12
1.90924e-12
9.71264e-13
4.71017e-13
2.25866e-13
1.1079e-13
5.67203e-14
3.02665e-14
1.65161e-14
9.01618e-15
4.89437e-15
2.72352e-15
1.6882e-15
1.30965e-15
1.35195e-15
1.74563e-15
2.49183e-15
3.56584e-15
4.85001e-15
6.11929e-15
7.08924e-15
7.51322e-15
7.28541e-15
6.49071e-15
5.36672e-15
4.19834e-15
3.20905e-15
2.50766e-15
2.10137e-15
1.93914e-15
1.94044e-15
1.99521e-15
1.96091e-15
1.69708e-15
1.15136e-15
4.62026e-16
1.2352e-17
3.90507e-16
2.26774e-15
6.26578e-15
1.29031e-14
2.26752e-14
3.62556e-14
5.47262e-14
7.96816e-14
1.13002e-13
1.56081e-13
2.08421e-13
2.65937e-13
3.19908e-13
3.57879e-13
3.6722e-13
3.40438e-13
2.79664e-13
1.97499e-13
1.13168e-13
4.56937e-14
7.48897e-15
1.27487e-15
2.10784e-14
5.59585e-14
9.42582e-14
1.26706e-13
1.47796e-13
1.55759e-13
1.51736e-13
1.38694e-13
1.20353e-13
1.00283e-13
8.12548e-14
6.49169e-14
5.18202e-14
4.16839e-14
3.37643e-14
2.72053e-14
2.13217e-14
1.57925e-14
1.07073e-14
6.42078e-15
3.26983e-15
1.33207e-15
3.82951e-16
4.88752e-17
2.95704e-18
6.2133e-17
1.71831e-16
3.49123e-16
6.32235e-16
1.03564e-15
1.5147e-15
1.96904e-15
2.29361e-15
2.43693e-15
2.41695e-15
2.28909e-15
2.10198e-15
1.87507e-15
1.60579e-15
1.29409e-15
9.62904e-16
6.56568e-16
4.17147e-16
2.60718e-16
1.74992e-16
1.34603e-16
1.14186e-16
9.258e-17
5.87798e-17
2.08733e-17
5.63118e-19
7.83149e-18
2.39143e-17
2.1337e-17
3.07105e-18
9.7954e-18
7.7276e-17
1.87844e-16
2.71299e-16
2.58468e-16
1.42545e-16
1.37942e-17
8.06813e-17
7.16422e-16
2.54375e-15
6.4986e-15
1.37236e-14
2.51074e-14
4.04309e-14
5.74612e-14
7.17604e-14
7.79448e-14
7.23068e-14
5.54256e-14
3.27896e-14
1.24929e-14
1.26531e-15
1.5611e-15
1.16069e-14
2.78907e-14
4.78744e-14
7.11137e-14
9.85089e-14
1.30414e-13
1.64566e-13
1.95039e-13
2.13452e-13
2.12532e-13
1.90095e-13
1.50686e-13
1.03696e-13
5.93934e-14
2.54619e-14
5.61218e-15
3.9268e-17
6.56221e-15
2.15583e-14
4.05605e-14
5.88578e-14
7.23517e-14
7.84953e-14
7.68526e-14
6.89577e-14
5.75893e-14
4.59115e-14
3.69274e-14
3.36493e-14
4.10966e-14
7.33916e-14
1.71975e-13
4.392e-13
1.07551e-12
2.37339e-12
4.59029e-12
7.65771e-12
1.08427e-11
1.27006e-11
1.17043e-11
7.53314e-12
2.24213e-12
5.84746e-14
5.16051e-12
1.84523e-11
3.57566e-11
4.93908e-11
5.26161e-11
4.39104e-11
2.78546e-11
1.20119e-11
2.28108e-12
8.03297e-14
2.8481e-12
6.69284e-12
8.88345e-12
8.73015e-12
6.98653e-12
4.77721e-12
2.88164e-12
1.57598e-12
8.03849e-13
3.94463e-13
1.92246e-13
9.5504e-14
4.89534e-14
2.57715e-14
1.3739e-14
7.36704e-15
4.07117e-15
2.50778e-15
1.93907e-15
2.00747e-15
2.59295e-15
3.63971e-15
4.99538e-15
6.35942e-15
7.3761e-15
7.79896e-15
7.60113e-15
6.96032e-15
6.14757e-15
5.40637e-15
4.88825e-15
4.65069e-15
4.68225e-15
4.92079e-15
5.25591e-15
5.52953e-15
5.55518e-15
5.16748e-15
4.29447e-15
3.02347e-15
1.62041e-15
4.76669e-16
3.11337e-19
5.14064e-16
2.23253e-15
5.35186e-15
1.02277e-14
1.7585e-14
2.87027e-14
4.55013e-14
7.0411e-14
1.05835e-13
1.53058e-13
2.10696e-13
2.73229e-13
3.30566e-13
3.69612e-13
3.78039e-13
3.49206e-13
2.85982e-13
2.0129e-13
1.14528e-13
4.52054e-14
6.59129e-15
2.11166e-15
2.56614e-14
6.50767e-14
1.0683e-13
1.40017e-13
1.58546e-13
1.61388e-13
1.51399e-13
1.33457e-13
1.12609e-13
9.2755e-14
7.60919e-14
6.32286e-14
5.36606e-14
4.62991e-14
3.99083e-14
3.34665e-14
2.64671e-14
1.90764e-14
1.2025e-14
6.22995e-15
2.33184e-15
4.0901e-16
1.04046e-17
4.35365e-16
1.05542e-15
1.50318e-15
1.68356e-15
1.67374e-15
1.6081e-15
1.60848e-15
1.76856e-15
2.16512e-15
2.85588e-15
3.83838e-15
4.98525e-15
6.01654e-15
6.57353e-15
6.38922e-15
5.45353e-15
4.04325e-15
2.57844e-15
1.4054e-15
6.59299e-16
2.79685e-16
1.24702e-16
7.55877e-17
6.98999e-17
7.97603e-17
8.52027e-17
7.0888e-17
3.76398e-17
6.23361e-18
4.02855e-18
4.49702e-17
1.2003e-16
2.04785e-16
2.75842e-16
3.22414e-16
3.46407e-16
3.54646e-16
3.50836e-16
3.32349e-16
2.93245e-16
2.31814e-16
1.57004e-16
8.65852e-17
3.63967e-17
1.04009e-17
1.40229e-18
2.44047e-20
1.47867e-18
6.52873e-18
2.06619e-17
5.00532e-17
8.87611e-17
1.07398e-16
7.19856e-17
6.53552e-18
6.6224e-17
5.5896e-16
1.87974e-15
4.38364e-15
8.26238e-15
1.34721e-14
1.97066e-14
2.63754e-14
3.25676e-14
3.70624e-14
3.8516e-14
3.59197e-14
2.92222e-14
1.97467e-14
9.98338e-15
2.71584e-15
2.86865e-19
2.71382e-15
1.09392e-14
2.47656e-14
4.47737e-14
7.16777e-14
1.05065e-13
1.41807e-13
1.75372e-13
1.97235e-13
2.00304e-13
1.82448e-13
1.47748e-13
1.04676e-13
6.26137e-14
2.89196e-14
7.70933e-15
5.37452e-17
4.62269e-15
1.81863e-14
3.60809e-14
5.306e-14
6.46338e-14
6.83904e-14
6.45534e-14
5.54555e-14
4.4335e-14
3.42251e-14
2.75138e-14
2.65303e-14
3.61997e-14
7.19796e-14
1.78847e-13
4.64876e-13
1.13653e-12
2.48844e-12
4.77143e-12
7.90038e-12
1.11215e-11
1.29761e-11
1.19374e-11
7.69658e-12
2.32089e-12
4.79495e-14
5.07606e-12
1.83495e-11
3.57354e-11
4.95561e-11
5.30056e-11
4.44478e-11
2.83785e-11
1.23711e-11
2.4222e-12
6.18482e-14
2.77875e-12
6.65455e-12
8.89629e-12
8.76919e-12
7.01933e-12
4.7884e-12
2.87469e-12
1.56238e-12
7.93127e-13
3.90598e-13
1.94962e-13
1.02779e-13
5.86509e-14
3.61848e-14
2.36275e-14
1.59289e-14
1.0945e-14
7.71788e-15
5.73348e-15
4.64755e-15
4.20934e-15
4.23784e-15
4.59195e-15
5.13598e-15
5.72333e-15
6.2087e-15
6.47783e-15
6.4741e-15
6.20621e-15
5.73354e-15
5.13838e-15
4.49855e-15
3.87028e-15
3.28361e-15
2.7461e-15
2.24965e-15
1.77753e-15
1.31274e-15
8.50604e-16
4.17452e-16
9.14542e-17
1.37965e-17
3.75572e-16
1.37705e-15
3.18103e-15
5.90342e-15
9.67965e-15
1.48119e-14
2.1965e-14
3.23587e-14
4.78786e-14
7.09603e-14
1.0401e-13
1.4817e-13
2.01594e-13
2.57984e-13
3.06583e-13
3.34527e-13
3.31279e-13
2.93418e-13
2.2731e-13
1.47942e-13
7.41129e-14
2.20887e-14
5.53313e-16
8.83349e-15
3.86357e-14
7.79728e-14
1.15352e-13
1.4269e-13
1.56362e-13
1.56631e-13
1.46236e-13
1.28874e-13
1.08077e-13
8.66326e-14
6.64512e-14
4.86814e-14
3.38974e-14
2.22595e-14
1.36242e-14
7.62658e-15
3.76709e-15
1.5099e-15
3.76247e-16
5.55405e-18
1.67463e-16
7.24911e-16
1.56259e-15
2.51093e-15
3.31431e-15
3.68964e-15
3.4665e-15
2.71443e-15
1.73349e-15
8.79738e-16
3.53354e-16
1.29396e-16
7.58919e-17
1.1422e-16
2.48921e-16
4.64231e-16
6.47188e-16
6.54874e-16
4.56073e-16
1.80329e-16
1.23224e-17
3.96519e-17
2.00068e-16
3.57933e-16
4.17098e-16
3.70577e-16
2.70992e-16
1.7437e-16
1.08368e-16
7.44088e-17
6.39073e-17
6.90714e-17
8.34165e-17
9.79836e-17
1.01145e-16
8.49234e-17
5.29003e-17
2.02792e-17
2.32144e-18
7.33209e-19
3.53574e-18
1.18134e-18
2.43732e-18
3.27156e-17
1.17949e-16
2.72878e-16
5.04492e-16
8.22113e-16
1.23789e-15
1.74909e-15
2.30835e-15
2.80418e-15
3.08047e-15
3.00292e-15
2.53887e-15
1.79465e-15
9.81518e-16
3.32169e-16
1.71986e-17
9.57136e-17
5.04964e-16
1.08127e-15
1.6092e-15
1.89586e-15
1.84825e-15
1.51171e-15
1.03742e-15
5.93899e-16
2.82841e-16
1.14277e-16
4.24755e-17
1.69549e-17
7.25206e-18
1.14202e-18
4.13931e-18
6.0739e-17
2.95004e-16
9.54286e-16
2.43247e-15
5.23289e-15
9.8134e-15
1.62802e-14
2.40072e-14
3.14235e-14
3.62829e-14
3.65323e-14
3.14383e-14
2.22613e-14
1.19091e-14
3.69987e-15
6.82249e-17
2.08341e-15
9.95544e-15
2.39396e-14
4.48153e-14
7.33998e-14
1.09076e-13
1.48039e-13
1.8272e-13
2.03704e-13
2.03816e-13
1.81937e-13
1.4381e-13
9.92636e-14
5.7945e-14
2.63118e-14
7.04004e-15
7.27269e-17
3.85541e-15
1.58992e-14
3.27767e-14
5.02193e-14
6.38536e-14
7.04607e-14
6.9042e-14
6.09953e-14
4.93336e-14
3.75061e-14
2.85109e-14
2.48568e-14
3.0438e-14
5.73213e-14
1.43079e-13
3.83087e-13
9.68158e-13
2.18569e-12
4.3103e-12
7.33356e-12
1.06212e-11
1.28039e-11
1.22944e-11
8.49861e-12
3.07256e-12
6.07674e-15
3.719e-12
1.58713e-11
3.3142e-11
4.81646e-11
5.36263e-11
4.68431e-11
3.14233e-11
1.47871e-11
3.52417e-12
2.59544e-16
2.21791e-12
6.23945e-12
8.91369e-12
9.14621e-12
7.52554e-12
5.2303e-12
3.17224e-12
1.72541e-12
8.66519e-13
4.1612e-13
1.98872e-13
9.81487e-14
5.10905e-14
2.80276e-14
1.6008e-14
9.51875e-15
6.09572e-15
4.49689e-15
4.04615e-15
4.3865e-15
5.294e-15
6.50816e-15
7.66237e-15
8.35371e-15
8.2937e-15
7.43611e-15
5.99981e-15
4.36876e-15
2.92073e-15
1.88197e-15
1.29137e-15
1.07946e-15
1.17917e-15
1.5674e-15
2.20995e-15
2.97598e-15
3.61591e-15
3.84151e-15
3.4683e-15
2.53786e-15
1.34702e-15
3.55462e-16
2.56081e-18
5.18809e-16
1.83678e-15
3.66363e-15
5.68498e-15
7.79408e-15
1.0251e-14
1.37737e-14
1.96519e-14
2.99294e-14
4.74941e-14
7.56646e-14
1.16859e-13
1.70385e-13
2.30262e-13
2.84676e-13
3.18506e-13
3.1881e-13
2.81077e-13
2.12779e-13
1.31713e-13
5.9471e-14
1.32542e-14
1.42603e-16
1.62356e-14
5.02085e-14
8.87495e-14
1.21134e-13
1.41443e-13
1.48458e-13
1.44186e-13
1.3207e-13
1.15596e-13
9.75204e-14
7.96589e-14
6.30294e-14
4.81313e-14
3.52087e-14
2.44093e-14
1.5821e-14
9.42694e-15
5.04897e-15
2.34418e-15
8.72913e-16
2.04518e-16
4.2376e-18
6.54553e-17
2.89385e-16
6.34906e-16
1.06119e-15
1.48642e-15
1.79035e-15
1.87061e-15
1.71378e-15
1.41401e-15
1.11519e-15
9.32669e-16
9.29114e-16
1.14706e-15
1.62937e-15
2.38064e-15
3.30498e-15
4.19166e-15
4.77487e-15
4.83168e-15
4.2694e-15
3.1775e-15
1.83447e-15
6.51368e-16
3.46349e-17
1.97196e-16
1.01699e-15
2.06169e-15
2.80761e-15
2.92796e-15
2.44955e-15
1.67234e-15
9.37064e-16
4.33612e-16
1.69321e-16
5.87806e-17
1.89264e-17
4.3397e-18
1.87678e-20
8.33129e-18
3.72496e-17
8.3998e-17
1.25259e-16
1.30801e-16
9.23007e-17
3.60815e-17
2.11471e-18
8.88736e-18
4.01191e-17
6.49985e-17
6.75483e-17
5.49344e-17
4.30538e-17
4.27646e-17
6.11097e-17
1.05143e-16
1.71525e-16
2.30931e-16
2.36069e-16
1.62729e-16
5.13009e-17
7.74225e-19
1.03621e-16
3.6706e-16
6.86622e-16
8.98417e-16
8.74437e-16
6.00768e-16
2.11407e-16
3.28009e-19
4.45937e-16
2.23468e-15
6.19106e-15
1.29796e-14
2.25381e-14
3.34737e-14
4.29496e-14
4.75457e-14
4.4961e-14
3.55651e-14
2.25589e-14
1.03865e-14
2.47855e-15
1.41997e-18
2.38429e-15
8.92325e-15
2.02051e-14
3.86023e-14
6.75265e-14
1.09115e-13
1.60743e-13
2.12623e-13
2.4963e-13
2.57959e-13
2.32764e-13
1.81239e-13
1.18909e-13
6.21545e-14
2.20694e-14
2.51907e-15
1.63751e-15
1.43686e-14
3.43869e-14
5.52489e-14
7.13881e-14
7.92489e-14
7.81128e-14
6.99442e-14
5.81946e-14
4.63074e-14
3.68409e-14
3.16153e-14
3.29579e-14
4.69525e-14
9.19943e-14
2.18415e-13
5.41459e-13
1.27054e-12
2.68171e-12
4.95986e-12
7.89803e-12
1.06204e-11
1.16861e-11
9.87389e-12
5.44436e-12
9.71139e-13
6.26894e-13
7.70548e-12
2.17727e-11
3.77571e-11
4.82885e-11
4.80938e-11
3.73595e-11
2.15373e-11
7.7858e-12
7.64281e-13
6.73464e-13
4.37158e-12
8.09196e-12
9.60703e-12
8.72829e-12
6.49795e-12
4.10138e-12
2.24067e-12
1.07713e-12
4.64394e-13
1.85122e-13
7.21265e-14
3.02176e-14
1.54358e-14
1.0465e-14
9.11928e-15
9.11091e-15
9.36315e-15
9.24457e-15
8.46247e-15
7.07067e-15
5.3781e-15
3.75808e-15
2.47288e-15
1.60897e-15
1.12305e-15
9.31952e-16
9.84029e-16
1.28697e-15
1.88651e-15
2.79725e-15
3.91201e-15
4.95869e-15
5.57815e-15
5.51078e-15
4.76268e-15
3.60768e-15
2.41659e-15
1.45653e-15
8.0777e-16
4.14854e-16
1.83819e-16
4.92183e-17
7.60422e-20
8.13435e-17
3.83247e-16
1.04265e-15
2.30125e-15
4.66131e-15
9.15309e-15
1.76708e-14
3.31922e-14
5.94977e-14
9.99943e-14
1.5568e-13
2.23029e-13
2.93047e-13
3.52471e-13
3.87104e-13
3.86249e-13
3.46669e-13
2.74617e-13
1.85031e-13
9.78667e-14
3.24594e-14
1.74807e-15
8.46858e-15
4.48732e-14
9.60902e-14
1.45639e-13
1.80734e-13
1.95343e-13
1.90244e-13
1.70785e-13
1.43844e-13
1.15382e-13
8.92636e-14
6.7233e-14
4.95285e-14
3.56248e-14
2.47976e-14
1.64328e-14
1.01164e-14
5.58349e-15
2.61007e-15
9.22581e-16
1.75415e-16
6.09028e-21
8.49365e-17
2.32161e-16
3.59679e-16
4.62385e-16
5.64257e-16
6.8424e-16
8.17348e-16
9.28998e-16
9.69772e-16
9.10705e-16
7.73146e-16
6.21352e-16
5.24135e-16
5.30192e-16
6.79682e-16
1.01344e-15
1.53214e-15
2.13054e-15
2.59533e-15
2.71019e-15
2.39759e-15
1.77477e-15
1.07594e-15
5.10454e-16
1.68592e-16
2.45881e-17
1.33282e-18
3.14024e-17
8.02996e-17
1.39172e-16
2.07833e-16
2.80516e-16
3.39855e-16
3.63449e-16
3.40012e-16
2.80312e-16
2.10288e-16
1.52837e-16
1.16353e-16
9.66784e-17
8.42913e-17
7.09919e-17
5.65886e-17
5.17074e-17
8.1917e-17
2.3682e-16
8.17127e-16
2.53748e-15
6.58521e-15
1.4286e-14
2.63168e-14
4.17706e-14
5.76777e-14
6.95609e-14
7.31228e-14
6.63813e-14
5.09966e-14
3.17696e-14
1.44539e-14
3.30832e-15
3.1482e-17
4.59102e-15
1.70534e-14
3.90479e-14
7.3877e-14
1.24725e-13
1.91039e-13
2.64695e-13
3.29252e-13
3.64838e-13
3.57261e-13
3.05838e-13
2.24595e-13
1.36064e-13
6.18833e-14
1.55428e-14
3.94167e-17
9.78078e-15
3.44784e-14
6.3069e-14
8.66663e-14
1.00189e-13
1.02589e-13
9.58795e-14
8.3544e-14
6.90821e-14
5.52405e-14
4.39975e-14
3.70698e-14
3.69576e-14
4.97764e-14
9.35185e-14
2.17521e-13
5.35213e-13
1.2539e-12
2.6514e-12
4.92775e-12
7.91178e-12
1.07699e-11
1.20624e-11
1.04736e-11
6.08242e-12
1.31246e-12
3.9335e-13
6.95315e-12
2.10049e-11
3.7706e-11
4.94585e-11
5.03942e-11
4.01197e-11
2.39015e-11
9.1905e-12
1.16869e-12
4.4333e-13
3.97698e-12
7.85611e-12
9.62944e-12
8.94997e-12
6.80717e-12
4.40585e-12
2.49072e-12
1.25883e-12
5.8438e-13
2.58092e-13
1.13237e-13
5.14847e-14
2.48362e-14
1.2619e-14
6.56149e-15
3.42066e-15
1.83465e-15
1.12183e-15
9.02991e-16
9.95457e-16
1.32504e-15
1.81889e-15
2.34982e-15
2.774e-15
3.01438e-15
3.10631e-15
3.17193e-15
3.3599e-15
3.79971e-15
4.57653e-15
5.69944e-15
7.05619e-15
8.38915e-15
9.33598e-15
9.54128e-15
8.7982e-15
7.15689e-15
4.94749e-15
2.69542e-15
9.48041e-16
7.70515e-17
1.49896e-16
9.45377e-16
2.11478e-15
3.40364e-15
4.82553e-15
6.75423e-15
1.00158e-14
1.60915e-14
2.74025e-14
4.7395e-14
7.99818e-14
1.28035e-13
1.91139e-13
2.63509e-13
3.33404e-13
3.8514e-13
4.03716e-13
3.80571e-13
3.17906e-13
2.2923e-13
1.3542e-13
5.78014e-14
1.1308e-14
5.8219e-16
2.02684e-14
5.8653e-14
1.02519e-13
1.41084e-13
1.67899e-13
1.80767e-13
1.80515e-13
1.69558e-13
1.50847e-13
1.27334e-13
1.01792e-13
7.67262e-14
5.42097e-14
3.56592e-14
2.16739e-14
1.20613e-14
6.0657e-15
2.695e-15
1.00949e-15
2.83726e-16
3.9491e-17
6.0148e-19
2.62193e-17
5.55789e-17
7.16699e-17
7.86941e-17
8.83147e-17
1.13868e-16
1.70679e-16
2.75325e-16
4.37732e-16
6.50833e-16
8.90234e-16
1.12821e-15
1.35065e-15
1.56185e-15
1.77318e-15
1.98423e-15
2.16845e-15
2.27458e-15
2.24921e-15
2.07149e-15
1.7752e-15
1.43771e-15
1.14203e-15
9.42124e-16
8.54434e-16
8.68456e-16
9.53188e-16
1.05286e-15
1.09127e-15
1.00239e-15
7.73786e-16
4.65503e-16
1.82769e-16
2.04964e-17
2.01823e-17
1.64471e-16
4.02272e-16
6.79687e-16
9.58197e-16
1.21744e-15
1.44981e-15
1.65476e-15
1.83661e-15
2.00641e-15
2.18702e-15
2.42169e-15
2.78813e-15
3.42299e-15
4.56358e-15
6.60741e-15
1.01591e-14
1.59728e-14
2.46466e-14
3.60007e-14
4.83595e-14
5.83414e-14
6.18147e-14
5.60064e-14
4.16302e-14
2.33476e-14
7.79233e-15
3.10945e-16
2.72336e-15
1.35598e-14
3.01558e-14
5.07294e-14
7.50468e-14
1.03545e-13
1.35584e-13
1.67828e-13
1.93932e-13
2.06379e-13
1.99909e-13
1.74464e-13
1.35576e-13
9.19982e-14
5.22923e-14
2.23958e-14
4.98032e-15
2.77845e-17
5.64686e-15
1.86059e-14
3.47221e-14
4.9517e-14
5.92701e-14
6.2084e-14
5.83466e-14
5.03062e-14
4.10738e-14
3.37279e-14
3.12114e-14
3.80327e-14
6.6258e-14
1.50745e-13
3.78576e-13
9.26975e-13
2.07514e-12
4.11956e-12
7.12894e-12
1.05904e-11
1.32169e-11
1.33274e-11
9.98172e-12
4.3645e-12
2.24827e-13
2.33104e-12
1.32804e-11
3.07522e-11
4.76874e-11
5.60116e-11
5.16053e-11
3.68953e-11
1.91224e-11
5.70805e-12
2.01285e-13
1.38716e-12
5.39642e-12
8.63974e-12
9.50048e-12
8.25735e-12
6.04021e-12
3.8633e-12
2.22748e-12
1.19315e-12
6.13294e-13
3.12636e-13
1.62488e-13
8.7458e-14
4.88571e-14
2.82063e-14
1.68361e-14
1.05227e-14
7.04549e-15
5.15451e-15
4.12535e-15
3.53514e-15
3.1373e-15
2.79726e-15
2.4601e-15
2.12678e-15
1.83027e-15
1.61385e-15
1.51757e-15
1.57607e-15
1.82143e-15
2.27668e-15
2.93042e-15
3.70464e-15
4.44759e-15
4.9735e-15
5.1322e-15
4.8635e-15
4.20469e-15
3.26143e-15
2.17791e-15
1.12907e-15
3.25381e-16
8.60756e-20
3.64253e-16
1.55714e-15
3.65161e-15
6.75792e-15
1.1217e-14
1.7839e-14
2.81417e-14
4.45169e-14
7.01356e-14
1.08256e-13
1.60655e-13
2.25348e-13
2.94576e-13
3.5466e-13
3.8906e-13
3.84362e-13
3.36785e-13
2.55559e-13
1.60718e-13
7.5898e-14
1.97261e-14
4.92188e-17
1.32515e-14
4.79241e-14
9.02352e-14
1.284e-13
1.54984e-13
1.67156e-13
1.65699e-13
1.53591e-13
1.34671e-13
1.12627e-13
9.03927e-14
6.99277e-14
5.22858e-14
3.78375e-14
2.65155e-14
1.80048e-14
1.18651e-14
7.60655e-15
4.74886e-15
2.87088e-15
1.64416e-15
8.44321e-16
3.4096e-16
7.08329e-17
1.16732e-18
9.40911e-17
2.87705e-16
5.03516e-16
6.73086e-16
7.6295e-16
7.80377e-16
7.59661e-16
7.42748e-16
7.67744e-16
8.68709e-16
1.08017e-15
1.43523e-15
1.94793e-15
2.58064e-15
3.21685e-15
3.67378e-15
3.77427e-15
3.44706e-15
2.78168e-15
1.98475e-15
1.26514e-15
7.36816e-16
4.0315e-16
2.06751e-16
8.73314e-17
1.57594e-17
6.28843e-18
1.0254e-16
3.25003e-16
6.0938e-16
8.10569e-16
8.03094e-16
5.92989e-16
3.16274e-16
1.15763e-16
3.05052e-17
1.33723e-17
3.0658e-17
1.05069e-16
2.55011e-16
4.24626e-16
5.05306e-16
4.30299e-16
2.40591e-16
5.90434e-17
1.8043e-18
9.98666e-17
2.80567e-16
4.13507e-16
3.93475e-16
2.18882e-16
2.71501e-17
7.32714e-17
6.76724e-16
2.1843e-15
4.97385e-15
9.46393e-15
1.60373e-14
2.478e-14
3.50378e-14
4.50107e-14
5.18354e-14
5.25367e-14
4.56572e-14
3.25982e-14
1.75114e-14
5.4805e-15
1.38273e-16
2.41499e-15
1.11705e-14
2.49262e-14
4.32645e-14
6.70144e-14
9.7175e-14
1.33021e-13
1.7032e-13
2.01134e-13
2.16253e-13
2.09479e-13
1.8107e-13
1.3793e-13
9.05015e-14
4.85971e-14
1.85999e-14
2.86511e-15
6.03932e-16
9.08874e-15
2.4538e-14
4.27054e-14
5.94649e-14
7.15175e-14
7.70351e-14
7.59464e-14
6.9744e-14
6.09812e-14
5.27933e-14
4.88325e-14
5.44434e-14
8.14283e-14
1.61279e-13
3.72133e-13
8.74981e-13
1.92708e-12
3.8055e-12
6.5783e-12
9.77057e-12
1.21813e-11
1.22428e-11
9.09413e-12
3.88282e-12
1.58749e-13
2.38395e-12
1.29094e-11
2.94208e-11
4.51906e-11
5.26595e-11
4.8116e-11
3.40409e-11
1.73526e-11
4.98613e-12
1.24807e-13
1.46907e-12
5.308e-12
8.29261e-12
8.98063e-12
7.70524e-12
5.56239e-12
3.50423e-12
1.98347e-12
1.03845e-12
5.19372e-13
2.56873e-13
1.29605e-13
6.79881e-14
3.71553e-14
2.09342e-14
1.2035e-14
7.08541e-15
4.39053e-15
3.0108e-15
2.40619e-15
2.27993e-15
2.47512e-15
2.89099e-15
3.42542e-15
3.95426e-15
4.34941e-15
4.52105e-15
4.45586e-15
4.22292e-15
3.94044e-15
3.72397e-15
3.64556e-15
3.71369e-15
3.86611e-15
3.97376e-15
3.87226e-15
3.43156e-15
2.63795e-15
1.63547e-15
6.90509e-16
9.51019e-17
6.52663e-17
6.87999e-16
1.93394e-15
3.71769e-15
5.97847e-15
8.76617e-15
1.23344e-14
1.72508e-14
2.45308e-14
3.577e-14
5.31713e-14
7.92438e-14
1.1591e-13
1.6297e-13
2.16399e-13
2.67552e-13
3.04407e-13
3.15187e-13
2.93186e-13
2.40495e-13
1.68468e-13
9.43441e-14
3.55184e-14
4.02785e-15
3.45885e-15
2.9029e-14
7.01851e-14
1.14351e-13
1.50494e-13
1.71583e-13
1.75512e-13
1.64496e-13
1.43412e-13
1.17812e-13
9.23296e-14
6.98964e-14
5.17453e-14
3.7883e-14
2.76656e-14
2.02454e-14
1.48233e-14
1.07516e-14
7.55929e-15
4.95501e-15
2.82602e-15
1.21611e-15
2.51061e-16
8.30527e-18
3.90036e-16
1.09708e-15
1.75015e-15
2.08364e-15
2.06312e-15
1.84261e-15
1.62437e-15
1.55251e-15
1.6971e-15
2.07226e-15
2.62289e-15
3.20065e-15
3.59887e-15
3.65613e-15
3.34913e-15
2.79443e-15
2.16447e-15
1.59376e-15
1.13819e-15
7.90148e-16
5.16228e-16
2.90251e-16
1.12361e-16
1.05971e-17
2.25659e-17
1.63908e-16
4.02468e-16
6.58656e-16
8.37522e-16
8.7546e-16
7.71093e-16
5.79209e-16
3.73791e-16
2.08653e-16
1.01288e-16
4.22711e-17
1.381e-17
2.10507e-18
3.24334e-19
6.07886e-18
1.69876e-17
2.71917e-17
2.83922e-17
1.68848e-17
1.99055e-18
6.79131e-18
5.55835e-17
1.53757e-16
2.75924e-16
3.75319e-16
4.10581e-16
3.6984e-16
2.74157e-16
1.61125e-16
6.51715e-17
8.86904e-18
6.16302e-18
6.86555e-17
2.05956e-16
4.17106e-16
6.78105e-16
9.36367e-16
1.12104e-15
1.16732e-15
1.04243e-15
7.61496e-16
3.94223e-16
7.61451e-17
3.94833e-17
6.62467e-16
2.50437e-15
6.256e-15
1.25208e-14
2.13972e-14
3.19873e-14
4.21498e-14
4.88804e-14
4.94462e-14
4.2851e-14
3.07323e-14
1.69225e-14
5.77453e-15
3.2874e-16
1.55881e-15
9.04169e-15
2.22971e-14
4.16905e-14
6.82167e-14
1.02085e-13
1.40672e-13
1.77233e-13
2.02062e-13
2.06449e-13
1.87332e-13
1.49334e-13
1.02664e-13
5.84916e-14
2.49199e-14
5.50501e-15
2.66013e-17
6.0176e-15
1.98868e-14
3.74344e-14
5.42198e-14
6.62341e-14
7.08522e-14
6.75889e-14
5.8162e-14
4.5781e-14
3.40524e-14
2.61016e-14
2.47763e-14
3.5905e-14
7.89461e-14
2.10995e-13
5.64428e-13
1.37635e-12
2.95147e-12
5.48342e-12
8.72903e-12
1.17184e-11
1.288e-11
1.08927e-11
6.04371e-12
1.11743e-12
6.23317e-13
8.12348e-12
2.31613e-11
4.02892e-11
5.16028e-11
5.1473e-11
4.01201e-11
2.33408e-11
8.67829e-12
9.98563e-13
5.17255e-13
4.03387e-12
7.73925e-12
9.37486e-12
8.69349e-12
6.65228e-12
4.36801e-12
2.52517e-12
1.31317e-12
6.28528e-13
2.85043e-13
1.27357e-13
5.8871e-14
2.95864e-14
1.66943e-14
1.05993e-14
7.42914e-15
5.64878e-15
4.65322e-15
4.19494e-15
4.15065e-15
4.41982e-15
4.87047e-15
5.31882e-15
5.559e-15
5.43772e-15
4.92591e-15
4.13249e-15
3.24804e-15
2.4575e-15
1.87702e-15
1.5449e-15
1.45445e-15
1.59118e-15
1.94081e-15
2.46217e-15
3.05024e-15
3.52916e-15
3.69922e-15
3.42436e-15
2.71198e-15
1.73433e-15
7.75092e-16
1.33082e-16
4.1099e-17
6.46983e-16
2.06911e-15
4.50901e-15
8.39654e-15
1.45495e-14
2.4323e-14
3.96746e-14
6.29927e-14
9.64778e-14
1.40966e-13
1.94397e-13
2.50614e-13
2.99454e-13
3.28864e-13
3.28787e-13
2.95418e-13
2.33777e-13
1.57085e-13
8.29154e-14
2.76683e-14
1.63818e-15
6.53424e-15
3.60795e-14
7.90208e-14
1.23093e-13
1.58423e-13
1.79393e-13
1.84797e-13
1.76736e-13
1.59037e-13
1.35831e-13
1.1065e-13
8.60707e-14
6.37372e-14
4.45743e-14
2.90123e-14
1.71452e-14
8.80555e-15
3.59248e-15
9.05938e-16
2.49709e-17
2.25265e-16
8.96741e-16
1.61681e-15
2.16e-15
2.45703e-15
2.53295e-15
2.45076e-15
2.27327e-15
2.04483e-15
1.78899e-15
1.51682e-15
1.23937e-15
9.76797e-16
7.5753e-16
6.08866e-16
5.49892e-16
5.96004e-16
7.6758e-16
1.08164e-15
1.51795e-15
1.98313e-15
2.31402e-15
2.34105e-15
1.98672e-15
1.33768e-15
6.30077e-16
1.34992e-16
3.58832e-18
1.78385e-16
4.44772e-16
5.89506e-16
5.39444e-16
3.71801e-16
2.09608e-16
1.19356e-16
1.03852e-16
1.64623e-16
3.32132e-16
6.13476e-16
9.21652e-16
1.09048e-15
9.92113e-16
6.54733e-16
2.62111e-16
2.51694e-17
3.45446e-17
2.1334e-16
3.9377e-16
4.42337e-16
3.38353e-16
1.63968e-16
3.10384e-17
3.29838e-18
6.2878e-17
1.34938e-16
1.47638e-16
8.67663e-17
1.16563e-17
2.26512e-17
1.96115e-16
5.21526e-16
8.81233e-16
1.09842e-15
1.0388e-15
7.06868e-16
2.71354e-16
6.59265e-18
2.06935e-16
1.15113e-15
3.14157e-15
6.56589e-15
1.18793e-14
1.94079e-14
2.89542e-14
3.93614e-14
4.83937e-14
5.32753e-14
5.18527e-14
4.3796e-14
3.10381e-14
1.71044e-14
5.80872e-15
2.31362e-16
2.56413e-15
1.46113e-14
3.81499e-14
7.43359e-14
1.21931e-13
1.75212e-13
2.23461e-13
2.53662e-13
2.5594e-13
2.28617e-13
1.79361e-13
1.2156e-13
6.85118e-14
2.9062e-14
6.51193e-15
1.48515e-17
6.55398e-15
2.21812e-14
4.2389e-14
6.22666e-14
7.71026e-14
8.35248e-14
8.06097e-14
7.02067e-14
5.61658e-14
4.2895e-14
3.41767e-14
3.34491e-14
4.74527e-14
9.67129e-14
2.37291e-13
5.93156e-13
1.37956e-12
2.86598e-12
5.21238e-12
8.17472e-12
1.08471e-11
1.1789e-11
9.82372e-12
5.29426e-12
8.64056e-13
7.52959e-13
8.21141e-12
2.26638e-11
3.88614e-11
4.93297e-11
4.88413e-11
3.77494e-11
2.16713e-11
7.81738e-12
7.76215e-13
6.47893e-13
4.25664e-12
7.88341e-12
9.36832e-12
8.54515e-12
6.42112e-12
4.12545e-12
2.32357e-12
1.17301e-12
5.44527e-13
2.40573e-13
1.0605e-13
4.94805e-14
2.59018e-14
1.57498e-14
1.10574e-14
8.59504e-15
6.97769e-15
5.57676e-15
4.15357e-15
2.73221e-15
1.49305e-15
6.23371e-16
1.75531e-16
3.11247e-17
1.31094e-17
6.69044e-17
3.6107e-16
1.2144e-15
2.8949e-15
5.43324e-15
8.5673e-15
1.18245e-14
1.46609e-14
1.65755e-14
1.71806e-14
1.62613e-14
1.38555e-14
1.0332e-14
6.38897e-15
2.9023e-15
6.4467e-16
1.1002e-17
9.13449e-16
2.90635e-15
5.45301e-15
8.18139e-15
1.10343e-14
1.43278e-14
1.88002e-14
2.57303e-14
3.71386e-14
5.5932e-14
8.56282e-14
1.29174e-13
1.86698e-13
2.52957e-13
3.16253e-13
3.60565e-13
3.71073e-13
3.40784e-13
2.74652e-13
1.88596e-13
1.03757e-13
3.89438e-14
4.90933e-15
2.57089e-15
2.49637e-14
6.11319e-14
9.99627e-14
1.3276e-13
1.54323e-13
1.62882e-13
1.59375e-13
1.46459e-13
1.2749e-13
1.05694e-13
8.36326e-14
6.3042e-14
4.49513e-14
2.99209e-14
1.82259e-14
9.89369e-15
4.63588e-15
1.82008e-15
6.03747e-16
2.02901e-16
1.17295e-16
1.49375e-16
2.39008e-16
3.02338e-16
2.35577e-16
5.96389e-17
3.36459e-17
5.87171e-16
2.07146e-15
4.47626e-15
7.3043e-15
9.71872e-15
1.09174e-14
1.05294e-14
8.78823e-15
6.37172e-15
4.02763e-15
2.23976e-15
1.12201e-15
5.32517e-16
2.58405e-16
1.3453e-16
6.8014e-17
2.09241e-17
2.67879e-19
5.69028e-17
2.68383e-16
6.95592e-16
1.33199e-15
2.07602e-15
2.74648e-15
3.14049e-15
3.11478e-15
2.6557e-15
1.89933e-15
1.08062e-15
4.30485e-16
7.64013e-17
2.87805e-18
8.89971e-17
1.909e-16
2.16217e-16
1.54031e-16
5.75465e-17
1.15187e-18
3.87699e-17
1.81886e-16
4.03363e-16
6.62514e-16
9.39593e-16
1.26718e-15
1.75662e-15
2.63496e-15
4.30825e-15
7.42208e-15
1.28125e-14
2.12046e-14
3.26235e-14
4.5746e-14
5.76769e-14
6.46207e-14
6.34564e-14
5.35083e-14
3.73698e-14
2.00214e-14
6.61593e-15
3.46939e-16
1.7855e-15
9.92036e-15
2.39067e-14
4.42598e-14
7.2793e-14
1.11161e-13
1.58312e-13
2.08051e-13
2.48903e-13
2.67825e-13
2.56504e-13
2.162e-13
1.57649e-13
9.61263e-14
4.51877e-14
1.26954e-14
2.79696e-16
4.99287e-15
2.1363e-14
4.29397e-14
6.34187e-14
7.77085e-14
8.2933e-14
7.8958e-14
6.80751e-14
5.39534e-14
4.04021e-14
3.05418e-14
2.69311e-14
3.38718e-14
6.51627e-14
1.62969e-13
4.31134e-13
1.07007e-12
2.3666e-12
4.56411e-12
7.57588e-12
1.06613e-11
1.23986e-11
1.13203e-11
7.17673e-12
2.04725e-12
8.93441e-14
5.33325e-12
1.85506e-11
3.55547e-11
4.87995e-11
5.17344e-11
4.29494e-11
2.70148e-11
1.14195e-11
2.00307e-12
1.51582e-13
3.25414e-12
7.33397e-12
9.58312e-12
9.30451e-12
7.32521e-12
4.87554e-12
2.81153e-12
1.42984e-12
6.51946e-13
2.71763e-13
1.06413e-13
4.07541e-14
1.62165e-14
7.29315e-15
4.07962e-15
3.02637e-15
2.93261e-15
3.41042e-15
4.31563e-15
5.52406e-15
6.84435e-15
8.01263e-15
8.75063e-15
8.85908e-15
8.3011e-15
7.22768e-15
5.92033e-15
4.67651e-15
3.7048e-15
3.08693e-15
2.80627e-15
2.79429e-15
2.95483e-15
3.17041e-15
3.31669e-15
3.29076e-15
3.0333e-15
2.5322e-15
1.82138e-15
1.00029e-15
2.77969e-16
5.76703e-18
6.37627e-16
2.58766e-15
6.04587e-15
1.08922e-14
1.68206e-14
2.36465e-14
3.16458e-14
4.17778e-14
5.57395e-14
7.58249e-14
1.04457e-13
1.43171e-13
1.91022e-13
2.42976e-13
2.89408e-13
3.17877e-13
3.17296e-13
2.8299e-13
2.20043e-13
1.42775e-13
7.01893e-14
1.9407e-14
1.18981e-16
1.22731e-14
4.74386e-14
9.26665e-14
1.34986e-13
1.64924e-13
1.78181e-13
1.75385e-13
1.60489e-13
1.3868e-13
1.14618e-13
9.15011e-14
7.09477e-14
5.34202e-14
3.87924e-14
2.68009e-14
1.72626e-14
1.00766e-14
5.10762e-15
2.07892e-15
5.57495e-16
3.6191e-17
5.11083e-17
2.64493e-16
4.83377e-16
6.29183e-16
6.91759e-16
6.92346e-16
6.62186e-16
6.32588e-16
6.31022e-16
6.80541e-16
8.00096e-16
1.00113e-15
1.27721e-15
1.59161e-15
1.87526e-15
2.04475e-15
2.03559e-15
1.8328e-15
1.47952e-15
1.05837e-15
6.56651e-16
3.36221e-16
1.22797e-16
1.60096e-17
9.12378e-18
1.04234e-16
3.11696e-16
6.27654e-16
9.96057e-16
1.28607e-15
1.33147e-15
1.04474e-15
5.33728e-16
9.51e-17
3.20428e-17
4.13886e-16
9.91135e-16
1.36693e-15
1.29294e-15
8.40391e-16
3.16413e-16
2.22788e-17
6.1043e-17
3.2012e-16
5.94496e-16
7.2896e-16
6.85487e-16
5.22532e-16
3.30718e-16
1.7708e-16
8.44498e-17
4.27708e-17
3.38775e-17
5.39976e-17
1.30889e-16
3.43978e-16
8.58393e-16
1.97348e-15
4.16015e-15
8.02233e-15
1.40925e-14
2.24177e-14
3.20569e-14
4.08384e-14
4.58067e-14
4.44826e-14
3.63995e-14
2.38603e-14
1.11366e-14
2.44239e-15
6.63569e-17
3.96236e-15
1.28742e-14
2.59139e-14
4.34367e-14
6.67622e-14
9.68603e-14
1.32457e-13
1.68569e-13
1.96915e-13
2.08819e-13
1.99292e-13
1.69658e-13
1.27007e-13
8.11439e-14
4.11586e-14
1.33548e-14
7.47063e-16
3.34565e-15
1.84947e-14
4.12124e-14
6.49818e-14
8.32894e-14
9.15502e-14
8.85222e-14
7.64487e-14
5.98971e-14
4.39815e-14
3.29298e-14
3.0128e-14
4.17858e-14
8.86141e-14
2.31161e-13
6.07948e-13
1.46268e-12
3.10091e-12
5.70329e-12
8.99706e-12
1.19769e-11
1.30548e-11
1.09366e-11
5.98075e-12
1.05245e-12
6.97472e-13
8.43556e-12
2.37056e-11
4.09539e-11
5.22311e-11
5.19447e-11
4.04006e-11
2.34725e-11
8.7296e-12
1.0144e-12
5.02001e-13
3.97136e-12
7.62522e-12
9.23361e-12
8.56804e-12
6.57983e-12
4.36117e-12
2.57066e-12
1.38453e-12
7.01127e-13
3.44366e-13
1.69192e-13
8.52457e-14
4.46515e-14
2.43864e-14
1.38761e-14
8.25711e-15
5.19476e-15
3.49611e-15
2.52231e-15
1.9291e-15
1.54095e-15
1.28403e-15
1.14457e-15
1.14099e-15
1.3113e-15
1.70717e-15
2.37144e-15
3.28883e-15
4.33834e-15
5.29585e-15
5.90468e-15
5.9773e-15
5.46852e-15
4.4868e-15
3.25039e-15
2.01572e-15
1.00305e-15
3.39468e-16
3.76752e-17
2.03845e-17
1.77753e-16
4.2646e-16
7.44291e-16
1.18029e-15
1.86251e-15
3.02831e-15
5.09395e-15
8.77217e-15
1.5231e-14
2.62422e-14
4.4186e-14
7.16929e-14
1.10709e-13
1.60989e-13
2.18472e-13
2.74486e-13
3.16846e-13
3.33229e-13
3.15943e-13
2.65919e-13
1.93656e-13
1.16162e-13
5.11264e-14
1.10832e-14
1.58863e-16
1.43904e-14
4.47146e-14
8.07661e-14
1.13859e-13
1.38441e-13
1.52161e-13
1.55137e-13
1.48971e-13
1.35915e-13
1.183e-13
9.82603e-14
7.76322e-14
5.79503e-14
4.04422e-14
2.59866e-14
1.50414e-14
7.59017e-15
3.166e-15
9.86195e-16
1.76616e-16
3.62993e-18
1.31933e-17
2.46249e-17
1.74552e-17
1.14607e-17
1.80366e-17
5.83933e-17
1.83324e-16
4.46014e-16
8.4478e-16
1.29288e-15
1.65047e-15
1.7991e-15
1.70516e-15
1.43047e-15
1.0891e-15
7.85384e-16
5.74844e-16
4.64489e-16
4.35699e-16
4.60368e-16
5.00666e-16
5.10218e-16
4.54108e-16
3.35241e-16
1.95709e-16
8.47699e-17
2.40159e-17
2.8241e-18
1.86576e-19
3.96582e-18
1.47516e-17
4.45662e-17
1.1362e-16
2.32812e-16
3.75475e-16
4.72277e-16
4.54025e-16
3.14133e-16
1.29271e-16
1.07795e-17
2.67418e-17
1.61062e-16
3.36962e-16
4.74711e-16
5.34055e-16
5.18189e-16
4.51732e-16
3.57796e-16
2.49077e-16
1.34216e-16
3.44697e-17
3.27296e-18
1.37151e-16
5.65481e-16
1.41775e-15
2.78697e-15
4.71803e-15
7.23422e-15
1.03806e-14
1.4236e-14
1.88452e-14
2.40518e-14
2.92813e-14
3.34227e-14
3.50169e-14
3.28468e-14
2.67068e-14
1.78431e-14
8.67962e-15
1.98385e-15
1.00351e-16
4.77398e-15
1.74853e-14
3.96791e-14
7.2211e-14
1.1385e-13
1.59622e-13
2.00572e-13
2.26176e-13
2.28722e-13
2.07031e-13
1.66963e-13
1.18524e-13
7.17973e-14
3.41965e-14
9.84371e-15
1.94306e-16
4.60668e-15
2.03308e-14
4.24072e-14
6.43599e-14
7.99875e-14
8.54864e-14
8.06326e-14
6.8341e-14
5.30628e-14
3.91054e-14
2.9744e-14
2.7737e-14
3.87998e-14
8.21824e-14
2.14457e-13
5.66926e-13
1.37433e-12
2.93544e-12
5.43145e-12
8.6019e-12
1.1469e-11
1.24878e-11
1.04128e-11
5.62518e-12
9.38696e-13
7.43999e-13
8.34698e-12
2.30475e-11
3.93765e-11
4.97237e-11
4.89308e-11
3.75669e-11
2.142e-11
7.68116e-12
7.65044e-13
6.12012e-13
4.03596e-12
7.44342e-12
8.81446e-12
8.03336e-12
6.05908e-12
3.93478e-12
2.26364e-12
1.18533e-12
5.83167e-13
2.80447e-13
1.37928e-13
7.22186e-14
4.10488e-14
2.51139e-14
1.60973e-14
1.05109e-14
6.87797e-15
4.50899e-15
3.00827e-15
2.10628e-15
1.61561e-15
1.4201e-15
1.46639e-15
1.74864e-15
2.27865e-15
3.03702e-15
3.92357e-15
4.74828e-15
5.29052e-15
5.39901e-15
5.06252e-15
4.4006e-15
3.58944e-15
2.78174e-15
2.06663e-15
1.47362e-15
9.97228e-16
6.20328e-16
3.28319e-16
1.17903e-16
7.09624e-18
4.84286e-17
3.39217e-16
1.0181e-15
2.24631e-15
4.19791e-15
7.10524e-15
1.13957e-14
1.7915e-14
2.8185e-14
4.45749e-14
7.01404e-14
1.07766e-13
1.58416e-13
2.18911e-13
2.80481e-13
3.29607e-13
3.5182e-13
3.37369e-13
2.8611e-13
2.08924e-13
1.24573e-13
5.33061e-14
1.01537e-14
7.53428e-16
2.10189e-14
6.00528e-14
1.04543e-13
1.42802e-13
1.67301e-13
1.75404e-13
1.68647e-13
1.51172e-13
1.27978e-13
1.0351e-13
8.08613e-14
6.16182e-14
4.61589e-14
3.41311e-14
2.48939e-14
1.78136e-14
1.23991e-14
8.31635e-15
5.33523e-15
3.26397e-15
1.9086e-15
1.07084e-15
5.70643e-16
2.70337e-16
8.80308e-17
2.87652e-18
5.37602e-17
3.1877e-16
8.61411e-16
1.65946e-15
2.56877e-15
3.36714e-15
3.86151e-15
3.98226e-15
3.79841e-15
3.45568e-15
3.09606e-15
2.81133e-15
2.63989e-15
2.58489e-15
2.63037e-15
2.74427e-15
2.86876e-15
2.9089e-15
2.74305e-15
2.27779e-15
1.53807e-15
7.23706e-16
1.42148e-16
1.26614e-17
2.83799e-16
6.49176e-16
7.84798e-16
6.02526e-16
2.80036e-16
5.34642e-17
5.64611e-19
2.64221e-17
2.31738e-17
2.52584e-20
5.38545e-17
2.47286e-16
5.40372e-16
8.2898e-16
1.02493e-15
1.09802e-15
1.06403e-15
9.52459e-16
7.86454e-16
5.8281e-16
3.63047e-16
1.62768e-16
2.95211e-17
6.13269e-18
1.05361e-16
2.90145e-16
4.76991e-16
5.71277e-16
5.20804e-16
3.51861e-16
1.55136e-16
2.59166e-17
4.13748e-18
6.20284e-17
1.43648e-16
2.16017e-16
2.9314e-16
4.38313e-16
7.86129e-16
1.60832e-15
3.37944e-15
6.73149e-15
1.21927e-14
1.97311e-14
2.83296e-14
3.59543e-14
4.01567e-14
3.91431e-14
3.27307e-14
2.25846e-14
1.16257e-14
3.10572e-15
1.84653e-17
5.08437e-15
2.09054e-14
4.95411e-14
9.10278e-14
1.413e-13
1.91134e-13
2.27948e-13
2.40641e-13
2.24948e-13
1.857e-13
1.34332e-13
8.35048e-14
4.24379e-14
1.52497e-14
2.02129e-15
7.7869e-16
8.87347e-15
2.33432e-14
4.07217e-14
5.70346e-14
6.84174e-14
7.21985e-14
6.78453e-14
5.71865e-14
4.37551e-14
3.15796e-14
2.41097e-14
2.46596e-14
4.15209e-14
1.03439e-13
2.90669e-13
7.74978e-13
1.83215e-12
3.75608e-12
6.61437e-12
9.90379e-12
1.23763e-11
1.24295e-11
9.21193e-12
3.92361e-12
1.61803e-13
2.37128e-12
1.28128e-11
2.90816e-11
4.44623e-11
5.15437e-11
4.68132e-11
3.28593e-11
1.65397e-11
4.61017e-12
8.1972e-14
1.58343e-12
5.43371e-12
8.3571e-12
8.97181e-12
7.64012e-12
5.46508e-12
3.3971e-12
1.88423e-12
9.58181e-13
4.61932e-13
2.20467e-13
1.09646e-13
5.95653e-14
3.61898e-14
2.43063e-14
1.73582e-14
1.25677e-14
8.83748e-15
5.83619e-15
3.53578e-15
1.94521e-15
9.86072e-16
4.93144e-16
2.85532e-16
2.34939e-16
2.87187e-16
4.40706e-16
7.10722e-16
1.10069e-15
1.58685e-15
2.11566e-15
2.61472e-15
3.0144e-15
3.26895e-15
3.36246e-15
3.29518e-15
3.06266e-15
2.64897e-15
2.04943e-15
1.31688e-15
5.96592e-16
1.03245e-16
2.98908e-17
4.4866e-16
1.29469e-15
2.46777e-15
3.99617e-15
6.18935e-15
9.77499e-15
1.60581e-14
2.7057e-14
4.54104e-14
7.37847e-14
1.13672e-13
1.63845e-13
2.19128e-13
2.70354e-13
3.06057e-13
3.15801e-13
2.94094e-13
2.43249e-13
1.73693e-13
1.0121e-13
4.19733e-14
7.38767e-15
8.70485e-16
1.78117e-14
4.84047e-14
8.17854e-14
1.09576e-13
1.27585e-13
1.35526e-13
1.35515e-13
1.30353e-13
1.22299e-13
1.12561e-13
1.01378e-13
8.84841e-14
7.3699e-14
5.74387e-14
4.09e-14
2.57975e-14
1.3755e-14
5.67383e-15
1.43104e-15
5.30732e-17
2.19696e-16
7.93807e-16
1.12495e-15
1.05727e-15
7.38612e-16
3.88862e-16
1.47277e-16
3.58653e-17
5.27722e-18
2.39618e-18
1.45514e-17
7.97151e-17
2.76357e-16
7.07253e-16
1.47639e-15
2.64633e-15
4.17172e-15
5.83596e-15
7.25064e-15
7.96834e-15
7.68666e-15
6.42884e-15
4.56758e-15
2.65515e-15
1.16407e-15
3.04005e-16
9.54356e-18
6.50275e-17
2.55309e-16
4.52077e-16
6.18214e-16
7.67139e-16
9.18492e-16
1.06751e-15
1.171e-15
1.15808e-15
9.73851e-16
6.38e-16
2.68664e-16
3.10899e-17
3.15897e-17
2.37577e-16
4.95637e-16
6.38544e-16
5.94074e-16
4.11585e-16
2.01419e-16
5.36865e-17
4.11796e-19
2.86787e-17
1.10594e-16
2.20052e-16
3.32555e-16
4.21271e-16
4.61751e-16
4.44566e-16
3.82539e-16
3.02835e-16
2.30921e-16
1.81261e-16
1.60551e-16
1.79744e-16
2.75944e-16
5.59612e-16
1.30365e-15
3.04319e-15
6.55766e-15
1.25657e-14
2.11267e-14
3.10751e-14
4.0012e-14
4.51213e-14
4.44722e-14
3.80069e-14
2.75716e-14
1.60477e-14
6.29075e-15
6.42158e-16
1.24845e-15
1.07682e-14
3.26304e-14
6.9969e-14
1.22943e-13
1.85579e-13
2.44768e-13
2.83756e-13
2.8942e-13
2.59037e-13
2.01836e-13
1.34324e-13
7.28894e-14
2.83651e-14
4.70143e-15
6.2639e-16
1.19528e-14
3.30743e-14
5.76638e-14
7.9342e-14
9.2819e-14
9.52386e-14
8.69597e-14
7.12334e-14
5.2913e-14
3.68295e-14
2.66032e-14
2.50547e-14
3.89316e-14
9.30741e-14
2.58907e-13
6.91627e-13
1.64357e-12
3.38935e-12
6.00566e-12
9.05318e-12
1.14013e-11
1.15608e-11
8.6851e-12
3.79734e-12
1.90426e-13
2.07812e-12
1.17832e-11
2.72903e-11
4.23634e-11
4.98056e-11
4.58836e-11
3.27065e-11
1.67653e-11
4.80475e-12
1.04197e-13
1.56134e-12
5.55929e-12
8.6961e-12
9.43308e-12
8.07381e-12
5.76949e-12
3.55488e-12
1.93417e-12
9.5088e-13
4.33621e-13
1.88995e-13
8.09326e-14
3.44356e-14
1.42471e-14
5.37314e-15
1.64665e-15
3.37854e-16
3.38655e-17
5.14163e-18
4.17379e-17
2.6771e-16
8.73974e-16
1.92549e-15
3.34219e-15
4.99063e-15
6.7587e-15
8.5496e-15
1.02218e-14
1.15458e-14
1.2238e-14
1.2075e-14
1.10214e-14
9.2774e-15
7.20288e-15
5.17035e-15
3.44059e-15
2.12047e-15
1.19538e-15
5.90893e-16
2.25074e-16
3.84569e-17
7.09456e-18
1.4911e-16
5.32321e-16
1.28699e-15
2.62786e-15
4.89445e-15
8.62477e-15
1.46766e-14
2.43863e-14
3.96937e-14
6.306e-14
9.69094e-14
1.42383e-13
1.97553e-13
2.55909e-13
3.06405e-13
3.36018e-13
3.34403e-13
2.98584e-13
2.35091e-13
1.5821e-13
8.51694e-14
3.06801e-14
3.12338e-15
3.43006e-15
2.62699e-14
6.25088e-14
1.01939e-13
1.35633e-13
1.57562e-13
1.65295e-13
1.59766e-13
1.44291e-13
1.23207e-13
1.00576e-13
7.93254e-14
6.09638e-14
4.58093e-14
3.34877e-14
2.34502e-14
1.53294e-14
9.03365e-15
4.59231e-15
1.89946e-15
5.82202e-16
1.06203e-16
3.1656e-18
8.99389e-18
3.90313e-17
1.00559e-16
2.40712e-16
5.14488e-16
9.31168e-16
1.41427e-15
1.83532e-15
2.10158e-15
2.21231e-15
2.23921e-15
2.26551e-15
2.33829e-15
2.45221e-15
2.55735e-15
2.58422e-15
2.47812e-15
2.22506e-15
1.85458e-15
1.42249e-15
9.89423e-16
6.06692e-16
3.09607e-16
1.14243e-16
1.75011e-17
3.20899e-18
5.3248e-17
1.5684e-16
3.1026e-16
5.03963e-16
7.02963e-16
8.388e-16
8.35104e-16
6.63995e-16
3.87942e-16
1.345e-16
8.98948e-18
1.9093e-17
8.18453e-17
1.0448e-16
6.2173e-17
7.54948e-18
1.62311e-17
1.25302e-16
3.1608e-16
5.47861e-16
8.11306e-16
1.17074e-15
1.7985e-15
3.02847e-15
5.41893e-15
9.71912e-15
1.65789e-14
2.59613e-14
3.65263e-14
4.55281e-14
4.96627e-14
4.66901e-14
3.69071e-14
2.33681e-14
1.05228e-14
2.16087e-15
1.1937e-16
4.53559e-15
1.51723e-14
3.26635e-14
5.87421e-14
9.50297e-14
1.40557e-13
1.89257e-13
2.29764e-13
2.49195e-13
2.39549e-13
2.02435e-13
1.48547e-13
9.23265e-14
4.57795e-14
1.51708e-14
1.33765e-15
1.83982e-15
1.28881e-14
3.02176e-14
4.92873e-14
6.55877e-14
7.54473e-14
7.70491e-14
7.09883e-14
5.99462e-14
4.76616e-14
3.78437e-14
3.38592e-14
4.05128e-14
7.07481e-14
1.62123e-13
4.06458e-13
9.8303e-13
2.15602e-12
4.16757e-12
6.98174e-12
9.96899e-12
1.18276e-11
1.11093e-11
7.38646e-12
2.39866e-12
1.17947e-14
4.28276e-12
1.64239e-11
3.2878e-11
4.64876e-11
5.05482e-11
4.30411e-11
2.78957e-11
1.23453e-11
2.45418e-12
6.37543e-14
2.90493e-12
7.0586e-12
9.55935e-12
9.51569e-12
7.6499e-12
5.19298e-12
3.05509e-12
1.58662e-12
7.38859e-13
3.1323e-13
1.22741e-13
4.51117e-14
1.57689e-14
5.34516e-15
1.84676e-15
7.42307e-16
4.34579e-16
4.1633e-16
5.53769e-16
8.13111e-16
1.17e-15
1.59816e-15
2.08251e-15
2.62605e-15
3.24002e-15
3.92225e-15
4.63504e-15
5.29629e-15
5.79578e-15
6.03584e-15
5.97545e-15
5.64918e-15
5.14702e-15
4.56847e-15
3.97934e-15
3.39221e-15
2.77558e-15
2.08794e-15
1.32963e-15
5.94424e-16
8.64565e-17
6.90374e-17
7.50258e-16
2.17159e-15
4.19414e-15
6.62937e-15
9.46657e-15
1.31027e-14
1.85367e-14
2.75705e-14
4.29866e-14
6.84119e-14
1.07358e-13
1.61172e-13
2.26468e-13
2.93558e-13
3.4761e-13
3.73039e-13
3.59654e-13
3.07572e-13
2.28185e-13
1.40535e-13
6.48144e-14
1.59819e-14
1.07066e-20
1.3597e-14
4.69016e-14
8.74487e-14
1.24012e-13
1.49168e-13
1.60134e-13
1.58056e-13
1.46392e-13
1.29187e-13
1.09858e-13
9.06868e-14
7.29114e-14
5.70804e-14
4.34164e-14
3.2022e-14
2.29181e-14
1.59939e-14
1.09736e-14
7.45362e-15
4.9939e-15
3.21362e-15
1.85944e-15
8.35841e-16
1.85459e-16
5.70647e-18
3.25122e-16
1.01651e-15
1.82169e-15
2.47928e-15
2.8565e-15
2.9866e-15
3.0036e-15
3.04547e-15
3.18933e-15
3.42636e-15
3.65998e-15
3.73276e-15
3.49654e-15
2.90365e-15
2.05763e-15
1.17603e-15
4.82201e-16
9.74157e-17
3.01397e-19
6.74413e-17
1.56639e-16
1.78697e-16
1.24149e-16
4.3302e-17
4.50005e-19
3.01093e-17
1.17212e-16
2.08806e-16
2.47888e-16
2.08784e-16
1.14045e-16
2.39723e-17
4.65697e-18
9.1574e-17
2.68844e-16
4.76937e-16
6.45128e-16
7.28435e-16
7.25565e-16
6.69504e-16
6.03286e-16
5.61014e-16
5.6449e-16
6.32751e-16
7.99536e-16
1.14098e-15
1.82359e-15
3.18069e-15
5.79755e-15
1.05142e-14
1.81777e-14
2.90192e-14
4.18186e-14
5.34505e-14
5.95658e-14
5.66101e-14
4.42439e-14
2.64106e-14
9.85666e-15
7.80167e-16
1.92191e-15
1.2131e-14
2.83602e-14
4.82019e-14
7.11041e-14
9.77736e-14
1.28381e-13
1.6056e-13
1.88454e-13
2.04041e-13
2.00728e-13
1.77166e-13
1.38502e-13
9.40963e-14
5.34417e-14
2.29947e-14
5.31836e-15
3.39887e-18
4.99664e-15
1.74138e-14
3.37884e-14
5.02521e-14
6.30917e-14
6.96573e-14
6.91452e-14
6.27505e-14
5.31105e-14
4.3441e-14
3.69594e-14
3.73386e-14
5.18606e-14
1.01206e-13
2.41769e-13
6.01696e-13
1.41087e-12
2.96822e-12
5.47013e-12
8.6887e-12
1.16756e-11
1.28697e-11
1.0933e-11
6.11159e-12
1.15715e-12
5.95058e-13
8.0615e-12
2.31857e-11
4.05415e-11
5.21414e-11
5.22115e-11
4.08646e-11
2.39031e-11
8.97697e-12
1.07682e-12
4.80942e-13
3.97345e-12
7.69373e-12
9.34525e-12
8.67327e-12
6.64334e-12
4.37684e-12
2.55325e-12
1.35395e-12
6.71765e-13
3.22642e-13
1.55826e-13
7.84399e-14
4.21494e-14
2.43082e-14
1.48853e-14
9.51258e-15
6.26222e-15
4.25093e-15
3.04836e-15
2.43036e-15
2.28558e-15
2.5878e-15
3.36531e-15
4.61502e-15
6.18029e-15
7.69502e-15
8.69078e-15
8.83165e-15
8.10357e-15
6.80453e-15
5.35242e-15
4.07144e-15
3.09638e-15
2.40395e-15
1.89428e-15
1.46104e-15
1.03757e-15
6.20533e-16
2.637e-16
4.24806e-17
1.43714e-17
2.07346e-16
6.47024e-16
1.40944e-15
2.68382e-15
4.84305e-15
8.52685e-15
1.47342e-14
2.4902e-14
4.09193e-14
6.49816e-14
9.91475e-14
1.44462e-13
1.99665e-13
2.59835e-13
3.15768e-13
3.55037e-13
3.65251e-13
3.38852e-13
2.77467e-13
1.93353e-13
1.06499e-13
3.81107e-14
3.24921e-15
5.95731e-15
3.89306e-14
8.74602e-14
1.3543e-13
1.70577e-13
1.87111e-13
1.85412e-13
1.69827e-13
1.46067e-13
1.19281e-13
9.31734e-14
6.99379e-14
5.05907e-14
3.53615e-14
2.39921e-14
1.59369e-14
1.05111e-14
7.01433e-15
4.82562e-15
3.45601e-15
2.55663e-15
1.90208e-15
1.36948e-15
9.17473e-16
5.55471e-16
3.02241e-16
1.53848e-16
8.09895e-17
4.79186e-17
2.69603e-17
5.32168e-18
1.08235e-17
1.59856e-16
6.67792e-16
1.75141e-15
3.4435e-15
5.45232e-15
7.2068e-15
8.10366e-15
7.8172e-15
6.47336e-15
4.57401e-15
2.72436e-15
1.34432e-15
5.40107e-16
1.77742e-16
5.38324e-17
2.23195e-17
1.91837e-17
2.55601e-17
3.29666e-17
3.40884e-17
2.61775e-17
1.25782e-17
1.28393e-18
4.65905e-18
4.03375e-17
1.28493e-16
2.81023e-16
4.85449e-16
6.96082e-16
8.45793e-16
8.7744e-16
7.75485e-16
5.75028e-16
3.4281e-16
1.45723e-16
2.75257e-17
2.103e-18
5.74376e-17
1.61624e-16
2.69568e-16
3.35629e-16
3.33328e-16
2.70489e-16
1.83389e-16
1.10364e-16
6.86515e-17
5.49925e-17
5.92293e-17
6.58528e-17
4.98107e-17
7.41802e-18
4.12137e-17
4.54361e-16
1.78144e-15
4.71731e-15
9.94825e-15
1.78873e-14
2.8303e-14
3.99053e-14
5.01434e-14
5.56341e-14
5.34767e-14
4.30615e-14
2.7214e-14
1.14932e-14
1.63936e-15
7.77254e-16
8.40024e-15
2.17381e-14
3.81747e-14
5.68293e-14
7.84726e-14
1.04154e-13
1.33325e-13
1.62369e-13
1.84672e-13
1.92926e-13
1.82714e-13
1.55056e-13
1.16137e-13
7.46013e-14
3.84326e-14
1.30709e-14
1.02859e-15
2.21575e-15
1.42645e-14
3.28366e-14
5.23696e-14
6.75049e-14
7.47424e-14
7.34289e-14
6.55152e-14
5.43524e-14
4.33752e-14
3.54246e-14
3.31152e-14
4.09815e-14
7.18533e-14
1.62461e-13
4.02782e-13
9.71677e-13
2.1415e-12
4.18119e-12
7.10314e-12
1.03265e-11
1.25446e-11
1.21879e-11
8.58937e-12
3.25213e-12
2.58409e-14
3.3226e-12
1.49742e-11
3.19246e-11
4.69947e-11
5.28541e-11
4.66121e-11
3.16196e-11
1.51406e-11
3.77241e-12
8.18988e-15
2.00226e-12
5.91441e-12
8.60928e-12
8.94625e-12
7.44757e-12
5.24243e-12
3.22585e-12
1.78176e-12
9.06877e-13
4.38124e-13
2.07861e-13
1.00449e-13
5.1174e-14
2.82419e-14
1.7185e-14
1.16271e-14
8.74135e-15
7.22703e-15
6.44751e-15
6.06491e-15
5.8817e-15
5.76904e-15
5.63592e-15
5.42064e-15
5.0947e-15
4.66918e-15
4.19005e-15
3.7179e-15
3.30101e-15
2.95644e-15
2.6677e-15
2.39823e-15
2.11403e-15
1.80468e-15
1.48893e-15
1.19992e-15
9.61184e-16
7.71345e-16
6.04801e-16
4.26969e-16
2.24199e-16
4.41972e-17
2.23998e-17
3.60739e-16
1.2577e-15
2.84284e-15
5.18852e-15
8.43151e-15
1.29776e-14
1.97394e-14
3.03632e-14
4.7348e-14
7.38076e-14
1.125e-13
1.63956e-13
2.24226e-13
2.83619e-13
3.2798e-13
3.43045e-13
3.20443e-13
2.62393e-13
1.82308e-13
1.00483e-13
3.67944e-14
3.8703e-15
3.78636e-15
2.92352e-14
6.78281e-14
1.07032e-13
1.37644e-13
1.55016e-13
1.58514e-13
1.50178e-13
1.33406e-13
1.11978e-13
8.93898e-14
6.83943e-14
5.07098e-14
3.69777e-14
2.69731e-14
1.99685e-14
1.50892e-14
1.15506e-14
8.77032e-15
6.39848e-15
4.30137e-15
2.50992e-15
1.13922e-15
2.96266e-16
2.08667e-18
1.55617e-16
5.55673e-16
9.73281e-16
1.2378e-15
1.28918e-15
1.17051e-15
9.75291e-16
7.90392e-16
6.67401e-16
6.26622e-16
6.75894e-16
8.25717e-16
1.09407e-15
1.5036e-15
2.07312e-15
2.80046e-15
3.63387e-15
4.44047e-15
4.99974e-15
5.05846e-15
4.4559e-15
3.26285e-15
1.82412e-15
6.26342e-16
4.06484e-17
1.13571e-16
5.68352e-16
1.01535e-15
1.19971e-15
1.10193e-15
8.57115e-16
6.09645e-16
4.30055e-16
3.19246e-16
2.46431e-16
1.78128e-16
9.83456e-17
2.44465e-17
1.90406e-18
6.82289e-17
2.12489e-16
3.70966e-16
4.66564e-16
4.57446e-16
3.5626e-16
2.1313e-16
8.44464e-17
1.04222e-17
7.82151e-18
7.17569e-17
1.79974e-16
2.98535e-16
3.90844e-16
4.29837e-16
4.08959e-16
3.45612e-16
2.73799e-16
2.31019e-16
2.5697e-16
4.31684e-16
9.7266e-16
2.36739e-15
5.44301e-15
1.1215e-14
2.0392e-14
3.26087e-14
4.57769e-14
5.61724e-14
5.96934e-14
5.39791e-14
4.01726e-14
2.29135e-14
8.22379e-15
6.29825e-16
1.56189e-15
9.975e-15
2.43024e-14
4.40596e-14
7.00574e-14
1.03173e-13
1.42252e-13
1.82288e-13
2.14526e-13
2.29374e-13
2.20915e-13
1.90092e-13
1.44411e-13
9.45919e-14
5.05764e-14
1.90032e-14
2.63431e-15
9.39965e-16
1.09408e-14
2.80011e-14
4.67485e-14
6.22472e-14
7.11582e-14
7.23818e-14
6.68996e-14
5.70239e-14
4.55581e-14
3.52559e-14
2.87051e-14
2.90607e-14
4.37399e-14
9.63196e-14
2.53404e-13
6.64998e-13
1.5899e-12
3.33896e-12
6.06276e-12
9.40449e-12
1.22467e-11
1.29537e-11
1.0364e-11
5.17119e-12
6.0482e-13
1.28359e-12
1.02878e-11
2.62504e-11
4.29661e-11
5.2524e-11
5.01445e-11
3.7219e-11
2.02575e-11
6.64076e-12
4.25517e-13
9.89419e-13
4.76419e-12
8.11081e-12
9.19748e-12
8.12888e-12
5.98361e-12
3.81051e-12
2.16121e-12
1.12372e-12
5.54032e-13
2.69514e-13
1.34725e-13
7.13172e-14
4.0335e-14
2.40965e-14
1.49255e-14
9.48605e-15
6.23088e-15
4.34091e-15
3.32809e-15
2.89746e-15
2.88822e-15
3.23177e-15
3.91259e-15
4.92877e-15
6.25252e-15
7.79342e-15
9.37357e-15
1.07296e-14
1.15545e-14
1.15809e-14
1.06817e-14
8.94581e-15
6.67905e-15
4.31637e-15
2.27964e-15
8.5189e-16
1.25124e-16
2.9257e-17
4.03517e-16
1.06318e-15
1.83982e-15
2.60382e-15
3.28851e-15
3.92345e-15
4.66914e-15
5.85479e-15
8.04897e-15
1.21897e-14
1.97188e-14
3.25541e-14
5.27223e-14
8.16349e-14
1.19217e-13
1.63215e-13
2.08964e-13
2.49749e-13
2.77856e-13
2.86254e-13
2.70704e-13
2.31678e-13
1.75226e-13
1.12105e-13
5.51288e-14
1.55944e-14
1.49042e-16
9.24068e-15
3.75769e-14
7.61833e-14
1.15165e-13
1.46231e-13
1.64319e-13
1.68054e-13
1.5918e-13
1.41345e-13
1.1875e-13
9.50812e-14
7.29388e-14
5.37586e-14
3.80555e-14
2.57767e-14
1.65984e-14
1.00928e-14
5.78433e-15
3.1614e-15
1.70932e-15
9.75682e-16
6.25591e-16
4.45524e-16
3.09204e-16
1.58726e-16
2.38685e-17
3.49701e-17
3.67915e-16
1.12386e-15
2.22441e-15
3.40969e-15
4.3531e-15
4.82011e-15
4.77091e-15
4.35166e-15
3.79725e-15
3.31984e-15
3.04761e-15
3.02226e-15
3.21716e-15
3.54287e-15
3.85032e-15
3.96562e-15
3.76194e-15
3.22551e-15
2.46391e-15
1.64851e-15
9.34526e-16
4.11659e-16
1.04091e-16
2.08498e-19
7.97669e-17
3.18409e-16
6.70572e-16
1.05124e-15
1.34487e-15
1.45208e-15
1.34604e-15
1.08946e-15
7.92178e-16
5.45011e-16
3.83976e-16
3.0014e-16
2.66523e-16
2.53591e-16
2.34455e-16
1.92847e-16
1.31978e-16
7.12716e-17
2.96045e-17
1.09498e-17
7.52641e-18
1.68167e-17
5.31065e-17
1.38674e-16
2.80123e-16
4.50828e-16
5.95556e-16
6.5472e-16
5.93109e-16
4.2055e-16
1.99335e-16
3.17511e-17
1.56443e-17
1.68927e-16
3.6886e-16
3.9727e-16
1.59684e-16
2.05701e-17
1.03901e-15
4.83485e-15
1.29441e-14
2.57949e-14
4.17438e-14
5.68251e-14
6.57812e-14
6.43621e-14
5.19019e-14
3.24722e-14
1.34066e-14
1.76957e-15
1.08081e-15
1.05194e-14
2.68151e-14
4.69853e-14
6.9869e-14
9.57798e-14
1.24873e-13
1.5527e-13
1.8208e-13
1.98357e-13
1.98015e-13
1.79073e-13
1.45006e-13
1.03296e-13
6.24009e-14
2.91818e-14
7.84179e-15
4.06105e-17
5.25578e-15
2.08821e-14
4.23205e-14
6.36571e-14
7.91732e-14
8.51615e-14
8.10818e-14
6.94127e-14
5.43807e-14
4.03647e-14
3.08372e-14
2.86673e-14
3.93856e-14
8.10714e-14
2.06228e-13
5.36695e-13
1.29374e-12
2.77159e-12
5.18155e-12
8.34747e-12
1.14027e-11
1.28422e-11
1.12671e-11
6.69779e-12
1.58193e-12
2.88468e-13
6.65944e-12
2.08791e-11
3.81083e-11
5.05527e-11
5.20467e-11
4.19629e-11
2.55082e-11
1.02461e-11
1.56066e-12
2.56864e-13
3.42994e-12
7.20695e-12
9.08804e-12
8.62123e-12
6.68758e-12
4.42541e-12
2.56819e-12
1.33837e-12
6.43145e-13
2.95297e-13
1.36164e-13
6.71639e-14
3.76158e-14
2.45223e-14
1.8107e-14
1.42478e-14
1.12388e-14
8.53751e-15
6.18151e-15
4.38431e-15
3.27129e-15
2.82551e-15
2.97841e-15
3.67005e-15
4.7898e-15
6.08889e-15
7.20805e-15
7.83095e-15
7.83083e-15
7.29124e-15
6.41038e-15
5.38597e-15
4.35697e-15
3.40711e-15
2.59144e-15
1.95004e-15
1.50188e-15
1.2351e-15
1.10546e-15
1.03493e-15
9.10987e-16
6.28407e-16
2.17303e-16
4.28485e-18
6.43243e-16
2.89877e-15
7.29448e-15
1.39297e-14
2.2684e-14
3.37267e-14
4.80206e-14
6.7535e-14
9.49754e-14
1.32819e-13
1.81489e-13
2.37054e-13
2.89822e-13
3.25687e-13
3.30989e-13
2.99128e-13
2.35123e-13
1.54866e-13
7.89994e-14
2.48955e-14
1.14481e-15
6.79748e-15
3.4366e-14
7.38635e-14
1.15695e-13
1.51889e-13
1.76418e-13
1.85524e-13
1.78312e-13
1.57136e-13
1.27093e-13
9.44582e-14
6.47256e-14
4.11938e-14
2.46941e-14
1.42826e-14
8.2722e-15
5.03756e-15
3.38033e-15
2.54841e-15
2.10135e-15
1.77329e-15
1.40359e-15
9.36256e-16
4.39743e-16
8.00278e-17
1.80586e-17
2.83501e-16
7.2966e-16
1.12573e-15
1.31814e-15
1.32169e-15
1.27613e-15
1.34668e-15
1.67814e-15
2.39064e-15
3.51073e-15
4.8315e-15
5.87471e-15
6.10818e-15
5.3084e-15
3.75246e-15
2.05051e-15
7.62928e-16
1.18799e-16
8.69786e-18
1.67566e-16
3.58993e-16
4.54948e-16
4.26552e-16
3.06179e-16
1.55667e-16
4.02096e-17
2.26433e-21
2.82234e-17
7.59555e-17
8.9394e-17
5.37453e-17
7.26475e-18
1.33334e-17
1.13494e-16
2.96303e-16
5.00439e-16
6.45963e-16
6.73657e-16
5.72279e-16
3.82396e-16
1.7762e-16
3.4395e-17
4.5859e-18
9.96603e-17
2.87007e-16
4.95747e-16
6.32973e-16
6.15545e-16
4.18993e-16
1.33299e-16
5.39978e-18
4.52e-16
2.04087e-15
5.44354e-15
1.13387e-14
2.02058e-14
3.19489e-14
4.54003e-14
5.79876e-14
6.60489e-14
6.61276e-14
5.68963e-14
4.05179e-14
2.21688e-14
7.63703e-15
5.62694e-16
1.33335e-15
8.2613e-15
1.9819e-14
3.62389e-14
5.97015e-14
9.31332e-14
1.3776e-13
1.90104e-13
2.40417e-13
2.74819e-13
2.81095e-13
2.54863e-13
2.02064e-13
1.36399e-13
7.37707e-14
2.70449e-14
3.10172e-15
2.25698e-15
1.92637e-14
4.52998e-14
7.06447e-14
8.75333e-14
9.22414e-14
8.55165e-14
7.12664e-14
5.43828e-14
3.89011e-14
2.72215e-14
2.0396e-14
1.92954e-14
2.73239e-14
5.7372e-14
1.47985e-13
3.92383e-13
9.71139e-13
2.15004e-12
4.17527e-12
7.02047e-12
1.00707e-11
1.20321e-11
1.14337e-11
7.77532e-12
2.69382e-12
3.66358e-19
3.83839e-12
1.56702e-11
3.22212e-11
4.64344e-11
5.13879e-11
4.46215e-11
2.96798e-11
1.37244e-11
3.08719e-12
7.29272e-15
2.48427e-12
6.6236e-12
9.31104e-12
9.48175e-12
7.76019e-12
5.36382e-12
3.2306e-12
1.74058e-12
8.62428e-13
4.05528e-13
1.86804e-13
8.60959e-14
3.95392e-14
1.74363e-14
6.92034e-15
2.29479e-15
6.28816e-16
2.13493e-16
2.50346e-16
7.1034e-16
1.90703e-15
3.92277e-15
6.29682e-15
8.20381e-15
8.95093e-15
8.38474e-15
6.91501e-15
5.19681e-15
3.75839e-15
2.83081e-15
2.40936e-15
2.39255e-15
2.64807e-15
2.99315e-15
3.18655e-15
3.00793e-15
2.38935e-15
1.48671e-15
6.14872e-16
8.29018e-17
4.74584e-17
4.7899e-16
1.23979e-15
2.19879e-15
3.31196e-15
4.65281e-15
6.42613e-15
9.01036e-15
1.30636e-14
1.97063e-14
3.07477e-14
4.8816e-14
7.70915e-14
1.1826e-13
1.72557e-13
2.35508e-13
2.96796e-13
3.41823e-13
3.56323e-13
3.3236e-13
2.72672e-13
1.90823e-13
1.06845e-13
4.04479e-14
4.82696e-15
3.39795e-15
3.01308e-14
7.27182e-14
1.1707e-13
1.51537e-13
1.69618e-13
1.70527e-13
1.57829e-13
1.37053e-13
1.13423e-13
9.05399e-14
7.01658e-14
5.27346e-14
3.80809e-14
2.59917e-14
1.6417e-14
9.37388e-15
4.72604e-15
2.06102e-15
7.70496e-16
2.54336e-16
8.45736e-17
3.70795e-17
2.47401e-17
1.87866e-17
9.1124e-18
9.07439e-20
1.72669e-17
1.07183e-16
3.23331e-16
6.98676e-16
1.21532e-15
1.79212e-15
2.30728e-15
2.64871e-15
2.76033e-15
2.65428e-15
2.38714e-15
2.02453e-15
1.61895e-15
1.2083e-15
8.24943e-16
5.00789e-16
2.61065e-16
1.12512e-16
3.90996e-17
1.1811e-17
4.93449e-18
5.8174e-18
1.35075e-17
3.23288e-17
6.74408e-17
1.23162e-16
2.00415e-16
2.90963e-16
3.71536e-16
4.06085e-16
3.62653e-16
2.40073e-16
8.76422e-17
7.5258e-19
8.88263e-17
4.27497e-16
1.01532e-15
1.75638e-15
2.48553e-15
3.03832e-15
3.33979e-15
3.46421e-15
3.6352e-15
4.20326e-15
5.68987e-15
8.92001e-15
1.50644e-14
2.52638e-14
3.96827e-14
5.63945e-14
7.10404e-14
7.81009e-14
7.36139e-14
5.78323e-14
3.58382e-14
1.52905e-14
2.63553e-15
4.0479e-16
7.34674e-15
2.0822e-14
3.93655e-14
6.37556e-14
9.62616e-14
1.38445e-13
1.88189e-13
2.37533e-13
2.73659e-13
2.83922e-13
